92324.87641299996	130657.13817999997	
103943.723031	108218.25088799998	
107312.906381	105049.573087	
86715.64894899998	162842.596029	
92721.63869999995	128933.90515799995	
95441.40816800002	120886.571691	
94064.687245	123242.62000099994	
89767.45538099996	156859.58392199996	
87039.74054899997	162075.567319	
93411.21438399998	126061.96399699994	
104994.24221299999	106101.720759	
112765.40937600003	95372.58085799999	
115138.525505	92504.40406999998	
96375.04337599997	120437.40628099996	
90341.57280399997	155407.137243	
90361.068393	154804.94546199997	
109411.65361000001	97812.97783999998	
119997.33002400005	92063.19542100001	
93639.93390599999	125035.53277099994	
125224.97585200005	90699.71540299998	
107418.19763000001	104244.79286700001	
111938.38549100002	96471.03847399999	
106623.32313600002	105333.515889	
130954.100752	90619.75200399997	
106444.95843900004	105462.165327	
139214.655559	90091.439511	
97143.469552	115452.29769899997	
100623.67923100005	111802.86366199993	
133279.278583	90182.23085399996	
111238.37775799999	97184.70046900002	
113244.15410400003	95096.658485	
93321.075527	126293.69048199996	
104640.18795299999	106123.45358	
99266.28982200004	115409.85022200001	
101379.52989500003	111110.54150199993	
92624.003296	129838.558601	
90413.029254	145844.656925	
92515.705074	140891.42695900003	
138607.37530299992	89190.85306500002	
109421.75653999996	108129.05730699997	
114911.211261	102756.19213799997	
99622.260927	124184.11663399998	
105344.634825	109858.23961199996	
99965.81740900002	123004.82094399999	
93281.29661100001	137458.622935	
106793.86765299996	109341.33612699997	
114921.93445599994	102300.06107800001	
95507.34922100003	130314.991696	
116903.39158199995	98161.349074	
98056.383098	128533.52589599996	
128614.80201400002	93594.18739499994	
108739.52557399998	108967.54632099996	
101340.95322600001	122389.96573100002	
100555.89351400004	122919.07543800001	
148107.460247	87192.75320400001	
134657.03663299995	93003.02874700003	
102185.398493	114721.56612199999	
99343.70364700005	125534.788857	
123990.85613600005	96602.12519999997	
152836.05723799998	86991.56868500002	
137454.74964099994	90328.34125	
99071.99346800004	126072.40501	
96221.07795900003	129903.96481199998	
98695.12373800001	128215.32700099995	
144602.980781	88509.208085	
113242.95493500002	107667.19514199994	
147252.764754	87917.183929	
98293.88744400002	128361.06246999999	
113931.71092900001	105284.44641299994	
104438.58000100001	111256.96920599997	
153282.82339	86889.60727000001	
99476.371679	124611.21852099999	
147443.236577	87404.809185	
94691.606257	131257.97061	
86333.26616200001	129601.07923399995	
126527.23379200007	87428.10188000002	
103454.87213500001	97896.09974799992	
97874.019913	105689.99917699996	
91341.79325200002	111151.97803100002	
119210.31932500002	89490.39420299999	
118449.38232900004	90780.07617099998	
91431.35699700002	110495.60777100002	
113237.01141999998	92970.88051599996	
96454.304637	106716.51479399999	
142256.642017	84398.78176600004	
125321.40870200004	89070.66841999999	
90152.98031700005	118946.02761099998	
90863.15499399998	116573.66140099998	
132957.10451499996	86338.04127600005	
113257.951727	92294.982699	
87600.611492	119097.28913699996	
103582.007851	95538.65789899994	
90781.14301100005	118562.39948699993	
96657.06790899998	106196.51195299998	
94173.53901700003	106902.005466	
112371.97570500002	93654.52983499994	
101242.04199300002	99500.74086999994	
111099.32946299999	94813.56068599998	
86499.57049400001	123338.54370099997	
100936.42962800004	104639.90639699998	
123151.89150400006	89451.76735599998	
107174.33675000002	95220.42452399993	
100849.078829	105466.55691999996	
86097.69578900002	146290.49856599997	
149229.11268699993	87378.637697	
134431.69647599998	91748.97846999999	
121162.370804	95962.49552600001	
93880.55337699999	133997.73522400006	
112176.93899400004	101924.94832399998	
137836.56681399996	88998.99441700002	
104963.79936800002	103728.19535999997	
97027.79132199999	106009.94202499998	
136451.97162899995	91519.99190999997	
115502.12744699999	98076.55939	
139966.18619199996	87638.19199899999	
158993.50522899994	86826.71616400001	
108866.63258700004	102820.610729	
113776.25805900004	99097.21629299996	
92188.47847199997	134643.11910500008	
126427.68464700002	93768.12666300002	
108285.21090200005	103191.202118	
122017.145967	94556.176191	
95944.52558300001	112697.38994199997	
92462.13533899999	134593.37234200008	
131670.581681	93633.82951499998	
94706.72972700003	117076.04151099992	
137221.23977199994	91094.12154799998	
150881.54257199992	87370.111217	
118367.635309	96053.24330699998	
96481.72496000002	112420.63345999995	
96814.27822300002	110684.06722	
133661.63686499998	92442.40411799999	
95820.65329900003	116020.07282799993	
148204.84956599993	87421.72867499999	
121164.552033	95369.96759400002	
112909.70110300004	101913.41308599997	
108574.94833100007	103100.75628	
113239.18943500005	99906.37216699998	
122310.30714399998	94063.48333900001	
133581.684204	93350.02899399998	
146576.27942500002	86287.97510599998	
144038.78788499994	87888.28062899999	
125222.536932	94793.00590999999	
91728.12426999999	123473.98497199998	
139990.15091099998	88366.31706199997	
100594.348364	106802.42237100002	
129985.84279600001	89430.64181299998	
91493.30887199998	129526.63804099995	
151286.57828799996	86223.129351	
90788.01332799996	129872.69936299998	
128633.80283399997	91122.67328299995	
129726.03646299997	90996.44002799994	
113296.406575	97944.99067399999	
126560.92145000001	93064.46904899996	
88861.462261	138666.891566	
133816.77756299998	89010.05055799996	
109231.84221599998	99555.63283800002	
134779.715773	88771.71726300001	
152839.477517	84526.82777499998	
102339.620662	100902.822702	
92573.556615	121256.89117999998	
90614.60692499997	136694.782554	
102270.56730200001	101588.283184	
116541.96575100001	96747.237753	
94173.95208100001	119373.39631599998	
90710.00026799999	134932.02661300002	
97501.41823300002	110422.40437799998	
121160.09378699999	95979.811736	
120445.787315	96508.69008899997	
118454.82302199998	96678.58703099999	
135313.449348	88490.16215900001	
95820.498298	117774.25379499997	
97137.714389	110486.86314799999	
96234.63467399999	113735.84205799998	
115141.950158	96998.185598	
101607.64562699999	104810.40357200002	
90124.92912199999	126022.245668	
139119.11341499997	90959.15025900002	
93267.24765000002	115243.555987	
86221.057722	129177.98097200002	
100663.43329700003	105172.76086600003	
88171.631462	126616.48099000007	
85002.17040399999	134162.45875000002	
106111.66148500002	101093.233489	
81787.86451900002	163786.32984399996	
83319.576183	147097.54627800002	
84673.063252	141405.107836	
96680.47091	110514.06912800003	
122673.56051399997	96570.88859799999	
103561.08148800005	104776.05616399997	
97844.23464400003	109030.165632	
126842.95143300001	92472.26735199998	
94639.160882	111899.31793800005	
109591.33304600006	99798.40437399999	
91311.48234200002	116312.670083	
136871.85376199998	91168.46606700003	
87068.205561	128911.221587	
140639.38623099995	89768.43918700001	
84868.207456	138073.82863500004	
125312.42177000002	93813.58141600002	
104148.01869400003	102356.52125599998	
99180.32703300002	105272.73428800002	
96241.65252199999	111633.97399300004	
82986.20076100001	152685.40235500003	
90664.197935	123314.63334299998	
84532.11435800004	144892.23271500002	
124962.00938899998	95669.05710100001	
82348.733552	155847.93476200002	
90482.97518899998	124630.00798300002	
112572.10659600006	98290.40114199993	
82838.57483	154507.87113000007	
119953.15749699995	98238.435688	
82830.504062	154902.987721	
120425.24912399998	98149.48570199998	
121001.45527399996	97293.47474700001	
96535.077177	110833.66859800003	
98060.95582000002	106871.43526400001	
90595.28700199998	123470.312101	
136737.36507899998	92431.96683100001	
90682.90763599999	122914.71071300001	
116526.14113799995	83938.486197	
122198.32191699995	82474.695466	
86283.81022999997	114393.923763	
85790.189385	120708.48884600001	
131169.668885	79229.306725	
94967.83856000003	108754.19753600004	
91166.08142300003	110153.66650800004	
106673.852587	90315.749633	
110315.55374800002	87055.22139800001	
103099.48351100001	94582.48569700004	
95569.07648200003	101352.66615700004	
112166.967388	85225.41768200001	
109007.10971699998	88572.57397600003	
93541.192882	109313.457533	
115580.56738800002	85093.66914600001	
133904.468389	79103.73167400002	
107522.30554399999	88732.71683200002	
106920.82125199998	89479.71293200002	
90654.85196899998	113522.631163	
119516.49550099994	82862.66625800003	
105182.780415	92121.63827000002	
125246.32560500002	81204.10306300002	
100453.02725100004	97869.39468500005	
95404.17737600004	107596.16668800006	
114007.56044300002	85164.62810500001	
106350.217716	90710.51130900002	
106759.89047799999	89553.04829100003	
130378.67762799999	80828.89720900002	
95809.37150900003	120422.36789199998	
133963.24347699998	83628.598499	
92653.702945	127925.13956299996	
105543.410138	99099.56533499998	
97506.92400000001	113713.460338	
93341.66167899998	120527.52660799996	
122443.87488	87586.897461	
126005.22427499999	86434.089345	
120726.03876200001	89819.35702699999	
92945.73684099998	121755.24380699995	
103001.60121199998	105243.74152299998	
99656.97686000007	110122.10029899997	
105206.81149999997	100261.45361899998	
127148.68066400003	85702.939154	
121137.71974200002	87840.476744	
96603.99852500002	114409.71892899998	
113716.64252800003	90907.87705600003	
104000.05326200006	102508.08059399996	
100786.11934900009	106765.38313199999	
92152.68796299999	129434.23557599993	
120721.43205999999	90648.95408499998	
102128.26046099997	106625.14775299997	
99269.519522	112308.35699299998	
108178.00583799998	96923.02373199999	
102854.81239900009	106229.54454699998	
132800.46243099996	84762.10297899997	
96435.43429000002	118090.41106599999	
112371.82729999999	92839.503551	
95948.92302400003	118482.41549999999	
112028.286005	94819.06576999997	
106972.924433	97753.56901899996	
108142.792675	97642.49744999998	
103119.97926000004	103119.89953699995	
92586.06279200001	124108.21151400007	
86915.855233	133018.25334100003	
111144.682634	99696.89198500001	
93381.77718800001	115268.65903700006	
101248.81407800004	105054.45459400001	
130017.38164900009	94603.95851299996	
92086.40067900001	125652.50960600004	
102177.85647699996	103957.13387500004	
147435.928837	90525.53366499998	
104262.813723	101285.11141500004	
136710.8170840001	93274.91902199997	
91518.45601800001	127023.96307800002	
145263.73528300002	90734.18234799997	
98077.63049400001	105272.16552600006	
134430.4632930001	94492.68404699997	
87673.85764100001	132073.17065200006	
142950.082048	91163.61309799999	
95930.06140900002	108382.68904300005	
85647.642972	144013.88236900006	
95423.024858	112554.07590700005	
111419.20379099999	97330.00549100003	
95803.80199900002	108532.50442500005	
129092.52243400007	95938.252998	
86866.08751499999	134452.998109	
90992.79703500003	129021.34051600003	
86078.14229399999	137482.79264700005	
92464.03209900003	125594.72599599998	
112681.247787	97069.98608300001	
102993.060078	103670.42824300005	
90598.72402400002	129927.455992	
126646.27098999996	84478.84875199998	
96540.06749400002	114158.79818000004	
121088.85769600004	87274.49012	
107103.74415999999	94912.81748299998	
92272.736116	122976.18096900001	
93583.61197000004	120247.60469799995	
88023.44510400001	137063.43878599996	
121477.39679200001	86348.55819899999	
120499.35256700002	87415.36217599997	
100556.01673800005	100558.49636899999	
102535.26206900002	99143.26247599999	
125135.61243499999	85413.812148	
90631.59558	131229.87135499995	
99278.97267999996	108810.70563499999	
98561.33795799996	109477.537055	
128471.70604399996	81263.52871799996	
122984.64817299997	85849.31953799998	
126819.23550299999	81574.02878799997	
118730.03994199997	89495.63169299997	
118216.98731000001	91172.229738	
91000.782246	124817.05778699997	
116327.94455600002	91491.34844499992	
88544.98993700002	136096.51726699996	
96442.41288599999	119515.64895599999	
104961.581693	96415.121085	
90175.41647600004	134186.709255	
87742.70690100004	141133.15895200003	
103318.20448300001	97782.24128899998	
100203.50735600003	102007.797464	
125505.56917399997	85007.565854	
99159.45307100001	108948.16346999998	
101304.12577199998	114849.50148599998	
97659.50773399998	127107.52471000003	
95669.90995799997	129568.85911099997	
105192.47824899998	110784.11050399997	
90213.07534999997	139105.83388299998	
133452.456008	97032.29508499998	
105211.02768900001	109379.733315	
124221.04561299998	98898.62607300002	
134631.182343	95089.76983200002	
86978.43474100002	165483.693257	
99473.49359499999	119352.15014700005	
131113.95040800003	98348.16778799996	
87623.270393	159777.28708399995	
110905.93742	102130.10012499998	
92994.52078200005	133549.12934400002	
110451.240486	103321.29669999998	
107350.837618	105770.48948199996	
130837.08308499998	98384.41696999999	
88034.755888	151514.12316599995	
106122.423321	108968.55711699997	
126562.78942399999	98882.26173199997	
90486.64877799996	138515.389951	
87240.827899	160584.98335199998	
119114.60275299998	101163.911096	
121267.15067099998	100294.08035600002	
104271.40790499999	110950.53327900001	
128178.16216999998	98403.05371299996	
106219.08260199998	108417.16686699999	
102324.35547200001	111156.15115800001	
87905.949792	154560.270421	
122019.05512799998	99461.64541000003	
97932.30818399998	124376.76043500003	
94900.75098999994	129167.62556999997	
98035.870667	115759.75940199998	
128262.82759499995	92773.15032400003	
109430.370521	103267.18394900001	
90393.27581899996	147946.03399599998	
133479.72523299998	91123.71211400004	
100164.18636599998	112234.04682499998	
111929.46773499995	100976.32285600003	
90609.27346299996	144363.46313699996	
88721.51746199997	152597.04193099996	
143270.48979999998	87917.388318	
96005.64091899998	126688.15208299995	
89891.39479599996	151950.88457499997	
121437.59828199995	93826.79176600001	
92031.913154	132289.141594	
119229.86204299996	94221.04258400001	
113571.54058099998	99436.47145200001	
142071.82107399995	88854.353291	
91444.07670099994	139215.530645	
105941.910085	105152.76392800001	
124375.09185699995	93291.951184	
97123.68723099997	118551.74093299998	
113687.687698	97790.773544	
100107.73377300003	114066.70298999999	
93498.66088699998	132065.75961899996	
96025.37921199999	119244.23497699999	
114176.76365699997	95418.81665200001	
90723.58525199998	140391.39700999996	
133061.59492699997	92114.92474900004	
115707.77455699998	94937.945114	
105222.30786799999	108004.96416100001	
112236.50516399994	100900.95169300001	
108905.13737399995	104464.91718200002	
128054.68150499999	93132.92257600003	
103713.51859800001	111719.19593299998	
113390.40736599997	100680.57979700001	
95131.99823299998	128208.42412699996	
91893.15448699998	137946.421174	
94070.27558799995	129442.04423399996	
131571.524768	92198.82855300004	
93622.60282399996	131743.86347799996	
113546.35465699996	99709.06039200003	
131053.02802199997	92752.03554400003	
90368.82177699999	130790.31273100003	
107553.16002499996	103608.49523699997	
100407.11599299998	109893.95064199995	
98811.41996799999	115192.92622499997	
103945.94543499999	105080.52953299998	
88918.398511	136951.53049999994	
123821.288159	96511.55131900005	
116879.47356399999	101375.83466200001	
117934.96629599998	99823.43676799994	
100462.74546499999	108934.08041300002	
98817.08526900002	115029.20800599996	
106070.75305399997	105019.06669599998	
128336.93091099996	93045.951754	
93414.24374000002	122356.389903	
123802.51631800001	97602.02713500004	
99069.660802	110850.40859699994	
119885.37509699998	97747.74158299997	
88860.44390099998	141959.24490699996	
88729.62898399997	153754.62571099994	
109871.52017099995	101504.31505900002	
92748.522267	130084.99177100002	
124275.169957	96349.32717200002	
95020.91072699998	122019.43258299999	
117799.22021299995	101155.76683099996	
92988.65518300002	126840.06394800001	
98882.72318100002	114281.40530599996	
119121.19771099993	98040.86281299999	
97879.72838799999	116384.58423299991	
97542.38639099998	121573.58785199997	
107330.96919299997	104818.844459	
84744.23933900002	128431.62802299995	
85858.998296	115080.840532	
87479.38951600001	112867.86712799998	
89636.67220500004	111759.79910800002	
141686.751842	88547.95563600001	
120302.69578200002	96042.14973100001	
84577.28040300001	136047.91924099994	
96501.76582600005	109783.91001299999	
106524.26273600002	98063.00142999996	
97803.58051200006	104089.936685	
104443.91186400001	100251.73258799997	
85671.587098	123892.47791199999	
94527.14548400002	110753.29540599995	
123470.94298499999	90690.17762199996	
120778.25265799995	93688.52185399995	
161425.14467700006	88097.55003900001	
97333.78528900006	108730.32510700001	
103646.93779000004	100482.36369199996	
119542.26615000001	96228.04171400002	
99970.56086300005	102562.25457299997	
83544.46089199999	137765.69939299996	
118464.246895	96280.91768700002	
115250.346682	96539.57039000002	
84411.539023	136388.28183699996	
122800.92102099996	92413.09623899996	
147013.65404799997	88166.465472	
115144.445051	97146.37857400003	
120456.14645	95821.02231799999	
88318.66601099996	155715.14015	
130794.26904099998	100293.065554	
94013.85513999991	147648.43263899995	
142782.04340100003	96149.58390099998	
90948.56265499994	151423.468482	
147501.095269	95412.50707099999	
111001.138347	112479.755938	
92820.99204399996	150359.17591999995	
96724.021193	133200.78897100006	
95109.17445199998	135742.08019600008	
99814.69322899998	122040.89247699999	
99561.815455	126211.00771100006	
111582.93042999995	110356.70567099995	
101520.99016299995	121087.12481800001	
104885.40618099997	115146.04210700003	
88173.74892399996	156316.71919399998	
102701.82565999996	117781.302403	
120922.36335	101409.96894	
94094.65886099995	140865.91208900002	
131159.04160599998	99286.70763299998	
99628.692827	125751.60974300007	
117902.5102	104316.713339	
110531.38766799995	112970.98776599995	
94058.52357999994	145872.17942299997	
137063.894911	98845.70008599995	
141895.44108800002	97699.04143799996	
90075.56372599995	155051.620439	
91968.28439299995	150786.04678299994	
92916.23919199992	150295.30395799997	
117328.85435600001	105688.40269200002	
138623.046583	98625.82735799997	
94352.149209	137938.75182000003	
97210.046286	133077.64876800004	
97458.756953	132096.75171000004	
98051.755516	127847.17914900006	
94819.57499600001	136340.84433300004	
108858.61627599996	114009.04575799996	
113747.529921	108534.39643599998	
109759.36650099995	113919.41565699998	
94174.76540099997	138588.894725	
93384.70314799996	147851.60750499996	
95170.88655	135347.53449300004	
95253.44471699998	133672.68668100005	
102516.92923499996	115646.55315899999	
98141.825489	134661.20050899996	
96926.67344399999	135453.014592	
95549.627454	138773.95096499997	
130809.91871899996	89812.50255899994	
120432.483333	99383.80186399998	
96919.244382	135876.568554	
94280.79151799998	142952.705478	
109355.24005900003	102596.57277099999	
96849.203577	136494.66215399996	
156113.92649899994	80472.37745999997	
136369.754987	87617.40732399996	
102177.90169199998	116471.88479199997	
131318.12489199996	88907.20982199995	
102417.10675399996	116303.61301299998	
105041.06121900002	111328.84498100003	
114082.71052300003	100531.650042	
98395.16913200002	131050.926141	
97038.47071600003	134882.34691199998	
104605.22152099998	112775.85710999998	
138204.64633499997	84596.37582099998	
99231.73432599999	122632.28966000004	
126826.05009799998	92041.43826199997	
119224.308494	100304.14645499997	
95590.65344099999	136859.21864800004	
92533.03334299999	145491.38813	
105807.41589000003	103304.240977	
104394.86141799999	113220.69269800004	
96857.49318699999	136129.66467599996	
103502.40544199996	113741.30399400005	
100310.35960399998	121264.06709500002	
124723.612582	92855.57448599995	
128786.06037099999	91607.43958199996	
155394.9098199999	84245.39989199999	
121344.83685099993	96009.044798	
103126.72199499997	114268.30277800004	
120566.23450100001	99170.86524599997	
119926.083673	99461.99370999997	
103249.23950399997	113876.80184900004	
104741.46251499999	111974.12017399998	
121161.10404899999	98534.51085299999	
93714.16044899999	143612.18407199997	
101321.16707199997	117533.16311999997	
100579.19576499998	121200.94596800003	
81921.338686	148984.77468200002	
118226.25375400002	95087.95580099999	
131435.86270699996	90002.012391	
99149.28407299997	107934.24340200001	
115203.39155000001	98157.197565	
90979.22107599994	113435.04972000001	
128161.00768499999	90483.768627	
125668.03457199998	93630.40765000001	
113406.74172099997	98368.714021	
86824.70525799996	127504.261417	
86067.04269599997	127840.06626600004	
118636.79101700003	95067.41510199998	
94489.13406699996	109777.21924500001	
85010.58888499998	130873.76557200002	
87586.86826499998	125099.849418	
88675.54830299996	123738.52569299999	
84278.87517899997	148292.245051	
95017.50097799997	109482.777986	
107604.25275300001	100528.02475000001	
99683.221011	106793.85998800003	
84352.49659600001	145436.29104100002	
111235.12672799994	99571.046211	
90773.09766799997	122481.621919	
103629.02762999997	103835.46464	
88322.42699799998	123872.532388	
98166.76305499997	108482.101682	
102655.99219299994	103924.65893500001	
104462.65129599997	103452.554339	
122204.084902	93969.64391900004	
84696.72601399999	140198.94985400003	
111289.43110499995	99326.578606	
119263.79791099994	94742.59519900003	
89342.00674699998	122694.406499	
116739.20296299997	97293.87373900002	
92396.47776299997	111295.39025899999	
90955.00757699995	116043.04928700002	
89087.90324899997	123662.89429899998	
92914.37452899998	136290.62281699994	
109270.61356099996	105594.54226699995	
122303.56509500004	93632.38480699997	
111534.94172499992	102691.477313	
150531.19474900007	88441.82778200001	
86572.46763699998	142346.82718900003	
89629.48097099997	142054.12654000003	
91047.86336599996	136993.41810900005	
104973.72153	108651.16752399993	
93113.02801399997	126038.13355799994	
145567.333884	89254.570847	
86887.73794899999	142238.23251200005	
89750.11891799998	141132.41281600003	
96624.11701399994	121449.89566300002	
98510.82337099996	115541.70983500002	
89821.86822499995	140175.00096300003	
119842.51886499996	100311.076107	
116975.47105599995	100325.025603	
98359.21695399996	117833.21013300002	
96449.08679199994	122499.30081200003	
92486.74467799997	136761.02521800005	
135902.16403600003	91716.19524399999	
102018.168693	114750.27067399996	
97066.71264199998	119150.21989300003	
104795.54331	108935.31115799995	
102662.18907700002	113732.15208599999	
110274.588305	103695.93737899997	
109803.60489999996	104899.51129499997	
92436.72214999999	136976.65154600004	
122259.48507000005	98854.17309300002	
116900.78656999997	101025.80156899999	
148978.55009200008	88653.07009999998	
120754.02972999998	99786.66930399998	
138291.85440700004	90803.10525800001	
133421.148277	92108.04576200004	
143852.31845999998	90178.58884299998	
92939.96728999999	135112.94430600005	
104332.079445	110200.77108599995	
102668.48022599999	112714.38291099995	
107732.96531199999	108568.14493	
96293.99939699993	123931.46630900002	
144624.55140099998	89717.18071599999	
96296.74926199994	122585.68632700003	
113894.33049699994	102019.363665	
108378.30376299999	107536.63903499999	
108278.853684	108014.854008	
92812.87460599998	136401.74031500006	
103354.623713	112015.43023899995	
119691.95436200002	103866.83570000007	
126164.85110400003	95346.082502	
125193.37749000003	99153.555056	
114552.15437400003	106323.5421470001	
146717.80191700006	91196.703198	
89240.33779800001	121361.058019	
117896.26889400002	103993.42578100007	
101294.22843900003	113837.70307299998	
106862.18162000002	109010.58007200003	
98705.29828200003	116417.75130400003	
90267.31541200001	118943.17689900001	
105967.87260300004	111045.69088800004	
132533.38409500004	95340.457342	
102184.09280400004	113198.43627400004	
86562.67451900004	125619.74891000001	
93884.53482100001	117818.55106800006	
83894.990093	148488.93897099994	
112650.30996500004	107384.1166610001	
84115.240866	133352.90663800004	
124899.46844800003	100385.97416800004	
86448.36089100002	129785.60353100003	
116976.82908000002	104677.91520700007	
124032.66244200003	100641.29430300005	
116860.36439500004	105853.16726000009	
132671.28149400005	94033.46537899999	
88084.19128700004	122152.95450699999	
144483.819715	92111.90199000004	
116524.36849800005	105922.46582200006	
120984.47805100003	102584.17812200007	
116869.83677800004	105230.61116700008	
117877.32485400003	104307.55012200009	
95152.09009399997	123557.729325	
99133.33615699997	118007.21160899998	
136421.64091899994	83003.946225	
85916.13604200001	143409.64159399996	
126310.37757299996	85888.60406100002	
109987.78884100002	101937.62879599995	
99373.92628799997	110864.55824499998	
94326.55859499997	127372.67890900001	
97575.056193	119509.10774	
102870.62573699998	108735.74881499998	
95524.12476099996	123544.84578500001	
113555.560433	101420.17074599997	
117840.644655	98155.128561	
105819.47778099997	105992.52870099997	
125879.90882799994	92512.66962700002	
94205.60141799999	136457.41905600004	
117393.04723200001	100437.29203099999	
84987.23583400002	144061.632602	
125470.02218899998	93024.186312	
90139.02176899998	137004.18025999994	
134744.62506799996	84957.58679399999	
117629.051733	99603.56469300004	
119808.75325199998	95451.11846700008	
96509.59236199997	120513.22993399997	
122052.27806999996	94451.14365400001	
98827.20156499998	118304.23999499998	
133902.004281	84992.33127099999	
86670.73749599999	142515.891239	
132650.976813	85034.572078	
102182.50169399998	109696.833147	
117615.415019	100412.392466	
119272.56439599999	96681.48579300007	
125203.66004699998	93945.35477	
116743.04986	100476.502651	
103199.18696599996	107534.28816299999	
99364.263031	111825.852485	
97986.430252	119166.92312299999	
96830.91452099997	120399.41894399998	
100629.31684900001	104671.09557299997	
126359.70464799997	88909.73548900004	
93766.34569900004	113752.34575100002	
126912.42868299999	88782.498196	
136666.30793400004	86438.29925699999	
114091.990153	94499.79822500005	
100710.81210800003	104460.07986599997	
124198.61761399997	89418.12931800002	
145991.40324599994	84503.13026399998	
133625.298879	86874.09023300002	
96779.56208900004	109844.14556099997	
144241.16898899994	85143.374189	
123770.440324	89816.267725	
90445.87580100005	117028.136132	
87445.97185500003	141836.35217100004	
88253.30951000004	135098.45294900003	
86717.725258	145767.123755	
125839.776651	88953.37100500001	
110351.29256900003	96453.118744	
112612.507885	95874.81656299999	
121583.51498099999	89852.40900000003	
113662.59963800003	94869.69732	
133323.745306	87482.25362399999	
103150.58070800001	103436.90183699994	
97646.85506600003	109842.06888100001	
107359.58137399997	101926.80417999996	
95038.05664200004	113612.30240100002	
89868.27339700001	120615.96688100003	
97978.31460300004	108695.0479	
120812.04955699998	92080.95424900002	
87564.08415800003	141788.84797700006	
88434.72356000003	120735.82242900002	
107376.100318	100750.04875699997	
121296.76087199998	90488.75449200004	
137278.714243	85512.343539	
87816.00281900003	141278.02278000003	
98553.99041300005	106748.938644	
108682.57419599999	100688.11205699999	
95344.96483400004	110991.20325100001	
92049.35043000005	116689.448892	
119662.70751499999	93027.07675300002	
95602.60558800003	110525.794636	
95888.34578500003	109909.88152799998	
99408.10936100005	106262.636699	
104428.38934300003	102240.32147599997	
87163.82593200004	143290.61620800002	
90889.70306800005	116723.874299	
136850.19880900002	90470.06392200003	
137274.69569800003	90227.76754200002	
87194.67559900001	119601.095753	
138940.07963100006	88980.69306400005	
123124.87192199996	93447.03292999999	
84762.36117700001	121344.89149899998	
132135.760433	91305.06881500004	
98269.35020799999	107419.06416999998	
98695.05764399999	105623.51172999998	
97969.51479599994	107572.40498200001	
88894.135717	116004.57907700002	
106674.67458899997	98540.82648100004	
97547.94241599999	107791.49531299998	
92596.367227	112782.94408499998	
84100.51071599999	130726.73366299999	
115527.589899	94525.39392599998	
93298.92274199995	111316.95844799999	
112826.59169699998	96061.875918	
131523.959295	91919.77402100003	
86738.828112	120667.80697899999	
91875.13708899998	113072.67786799998	
120702.67197499996	93669.05780700002	
124740.76810299995	93180.089467	
84105.01499200003	122790.43431999997	
140141.11942700003	88082.63767100005	
95549.09537799998	109108.33737599998	
96423.373934	108799.47155999998	
84342.25015800002	122112.57379099996	
101369.43772799996	101553.92474499994	
110349.25232999997	98370.08321299996	
110579.84228599998	98313.863097	
87056.91675900001	119740.2427	
125780.05691699995	92930.89171599997	
84954.92149800003	120914.27603499997	
93586.85663899998	109536.65997799998	
123256.11263299995	93434.31854499999	
112053.454738	97968.17333499998	
93194.81838399998	112537.58428699999	
130237.01048	92086.74036400003	
112404.354856	97212.53236699999	
93139.40544499998	112656.53843399997	
91611.00677499997	144879.59634099994	
96968.11684800002	114533.77211499999	
142317.89067900006	87499.94827900002	
147044.231794	84930.915683	
106846.559664	97237.35424699998	
101003.231366	111830.512556	
92942.352965	123628.23394200002	
107294.38509	96282.04695899998	
90211.83491	147076.34738399996	
93591.96926100003	119895.53872000001	
92125.81500199999	140470.15933299996	
137721.4620180001	89779.441721	
115462.06150499999	91100.626627	
113176.64042499999	95440.879276	
88694.00931699997	147473.25526299997	
106553.89119100003	105467.17933700002	
101529.07113200004	108475.548643	
87981.36638699997	151562.46553399996	
93242.65456699998	123391.104103	
106080.65766399997	108234.45193599998	
97329.08640100001	113695.45215499998	
140618.4934610001	87518.224249	
143165.60388200002	85988.12946	
88663.37950499996	151050.57497399996	
138610.04250200008	89562.136676	
139130.23737500008	87850.448822	
95728.76460700002	115295.25553500002	
137605.64172500008	90389.776447	
92818.92426199997	136556.70564399994	
88388.75668599996	151055.72900199995	
138593.50722200007	89706.991653	
94108.91529600002	115692.45697	
92275.32199199998	137594.06794699994	
86422.211004	121229.94724299999	
107786.69292500001	86187.497335	
93646.793497	113572.01067200006	
121456.36603600004	81006.09883099998	
91357.91898900003	117159.80118200001	
97745.52386399999	98992.02947800003	
103927.885201	94042.611593	
92248.489751	116668.08938900004	
87019.898982	118183.93603699999	
110173.018209	85877.89033299999	
84857.44157800006	128923.57831100005	
120129.44284400003	81646.96489399998	
104748.797264	91600.76177499999	
83658.99050300004	129774.66792000004	
111522.458047	85815.14532299998	
83575.56480000004	139468.79851500003	
98682.25003299999	95845.65994700002	
94875.83266300002	102396.24084500005	
107601.682494	90458.35985400002	
93769.662626	110722.77702400004	
116728.90983400002	85294.59660899996	
116937.18019699997	83648.60322399999	
83441.85522599994	140322.278079	
99999.43516399998	95241.87854100001	
105833.534839	91323.60194100002	
113896.56331499999	85737.89786999999	
84819.75534900004	129751.31883500001	
116184.92171900002	85431.466765	
127712.76581800004	80815.69539299999	
94054.977406	102939.71216300005	
124434.07698000001	96775.756787	
96295.50692000001	123265.93247399999	
102173.88742099999	122310.75052599999	
136580.05390600007	90704.28634800002	
94122.036488	134737.78450299997	
95928.150534	123392.181083	
109941.98487700001	112029.36595300003	
116011.98294100005	105088.25803999999	
93406.563714	136665.46975900003	
104068.24161299995	112938.57026200001	
88837.04059799999	148298.56179200002	
127945.14133500007	93672.29223900005	
91218.066829	140956.29306999996	
140082.501338	90272.48072600004	
92382.675456	138382.33305299992	
105634.98724899995	112587.51076900001	
110730.159591	110731.29740900002	
118476.30760500004	103664.09968199999	
139191.38496000002	90633.35020400002	
119721.14572899998	98758.10564900002	
133884.40484900004	91748.50185800005	
103533.10395199998	116057.14559399999	
112120.04840000004	110321.00869700001	
123687.603412	96783.22356599999	
102763.824769	117690.91208200001	
125397.52860999996	96323.97731800002	
113090.13709900003	108588.87770499999	
102960.214144	117323.83860900001	
92780.422228	137339.86933499994	
140730.631171	88613.91423500003	
127729.572961	94625.67739499999	
129337.93723900004	92195.19903600005	
134677.49854200004	91093.84870800003	
133857.07498700003	91779.80862700003	
114956.58305300002	105226.72660699999	
102743.87394199996	119973.145288	
119441.37510999996	100141.61718000002	
118566.87614899997	102029.85459600003	
102304.12552599995	122291.25682899999	
111451.818266	110374.33247400002	
114482.05271500001	108026.18663200001	
126882.854094	91997.62020700001	
125170.85590699999	92708.38390300001	
95878.326962	121660.82625799997	
99634.05491600004	107492.49738299997	
94843.106322	129153.55111700002	
113453.49633299999	96925.104375	
92049.35034700001	133758.407611	
103478.42708899999	104648.337943	
94784.641025	129937.418217	
126665.14399000001	92555.82558400002	
104067.35150100003	103288.67147899998	
92159.99063700001	131308.59031499998	
102776.721975	106918.22284299998	
95416.318224	128606.546678	
98141.80267800001	118967.58113799998	
93144.434531	130954.814236	
124644.99592200002	93069.831964	
104172.43229400001	97995.39893199997	
123488.42089000005	95473.90082999997	
117508.12347799994	96170.31504300001	
95043.348891	129127.446865	
96551.27509300002	119617.78031100002	
137336.21658	88076.41650799997	
91679.631687	135748.34864399998	
95788.90713899997	127601.89725099999	
136426.90502699997	88245.01132699997	
134777.020722	88290.71740799998	
133632.85376	90298.70057899995	
98560.24650799998	114013.38402200004	
131532.67634299994	90844.24512199995	
103345.78798100002	104896.06184699998	
121453.23652699999	95823.46384800001	
104022.30627900003	103882.85215199999	
131233.86871100002	91788.90506700001	
123953.52237400001	93850.895849	
137138.22572999998	83561.52737699995	
84893.62007400003	125737.53613500002	
102380.52374700001	94941.38307999997	
117941.681526	90648.08957499999	
90249.98426200001	116361.559851	
91753.18571100001	113345.48198400001	
117864.11021300004	91169.12504799999	
121273.51645000001	89090.305133	
107572.60061400001	94099.09839900001	
90091.47260500003	117967.20409199996	
122262.08121900004	87884.68583699997	
96941.61656300005	96880.60902	
125499.45808500003	86917.08378399996	
101429.485685	95402.78076099997	
92930.93857400004	106959.70907199997	
88276.91383400004	122251.95229999999	
109642.75459	91434.473398	
120203.84314800001	89911.84866399996	
96925.21987800005	97005.09813	
89139.76393800003	121857.26186099999	
126404.77530300003	85438.56259799997	
93942.22845200002	98768.76690399997	
126909.84469200004	83733.91854699996	
123822.95393300006	87557.80982299997	
118700.09695500004	90298.24885199998	
90274.32041900003	115481.17127	
92445.007712	112793.493796	
116862.03568500004	91255.42991299999	
116831.23339800004	91262.92322899999	
121353.33012400001	88370.765009	
121994.03972800003	88212.28465699997	
121125.08049500002	89681.896883	
133337.98288099997	91012.004756	
88841.71992100003	120141.37644600002	
87149.50919100002	123999.972873	
97375.783591	115916.85239800002	
85394.255818	130634.41537400003	
147217.38446699997	84790.281183	
134721.54502999998	86237.63740899997	
126288.68325900003	93068.79214599999	
84701.97697600002	132139.603175	
93785.318836	117038.473059	
83634.44214999999	133204.46245599998	
97469.47727000002	115590.49540500001	
141494.520397	86013.95625699995	
141613.206283	85066.769003	
141515.98044500002	85678.50070799999	
101195.87585500003	109529.07320800003	
99990.31067199999	113399.71553900003	
123033.84960300004	95702.772866	
123783.53772899999	94195.40348299997	
120892.04054399997	97480.090842	
131091.294647	91930.23916599997	
99178.567665	114519.84239200002	
127075.39776	92253.23737599998	
130011.925323	91996.908026	
87092.51000800001	124287.04546500002	
105177.26897500001	107032.27477	
125633.37623999998	93266.540204	
110919.19902099995	102209.388106	
112784.55465799996	100476.22379399999	
86900.31283700002	127989.89975000004	
84757.18480000002	131389.027228	
128702.83054999998	92167.14985199997	
115907.404834	97599.721955	
131124.93322999997	91741.88647599999	
93057.90957300003	118567.069283	
94694.11587400001	116887.797194	
99755.034721	113656.29845499998	
108009.30531399997	103857.33435499994	
113677.32202299997	98223.875907	
104493.33894300001	108315.34520800004	
131463.71091600004	91324.633394	
109341.60640499997	103071.18063199999	
122513.18920599998	96550.41596799999	
86437.116866	129660.05293400002	
86083.206241	130455.68199700002	
112632.83995699997	101402.20723499998	
121266.90981399996	97199.38509599997	
90057.19369899998	128655.88376499998	
108252.85749499996	98887.07903400004	
96931.43406399996	114115.41907800004	
99472.19615399999	105484.60758900008	
85141.16346899998	138806.56094300002	
90346.33068	127671.20522500003	
112485.31449899999	97230.99647100003	
86637.053137	136812.267908	
135351.07099799998	84081.56390099999	
104956.27403299997	100721.80784800004	
89826.53147000002	128900.483112	
90968.97014799996	123908.18237400004	
92953.864155	119248.43162800003	
107644.40354299996	99362.44058099996	
125381.80073799996	85187.07466799997	
118001.61490499994	89939.08794299999	
91869.382368	123459.58848800004	
121155.11176099996	89358.25174999998	
126645.13754899995	84100.38585899999	
87976.699673	129912.829072	
92138.816545	122795.75221200002	
101736.29390899997	102373.56346600002	
115907.84266599995	93412.778318	
86129.08943699999	137998.132866	
114376.59628799996	95611.76388900004	
123963.90937599997	87823.4283	
92388.37510199999	121725.25747000003	
121915.85113099997	88226.717729	
102568.81948300006	106698.66451999996	
109081.243025	103603.20638499994	
123166.83651000002	95167.44243199992	
128742.98733000002	91632.149874	
102048.64670400001	110437.33716899995	
125090.654476	94084.06916800003	
96642.80516600003	124161.25738799991	
139660.63968599998	90091.42055100005	
94545.72202600002	131428.176244	
95617.87940999998	130874.974672	
91974.73506100004	138034.50545999993	
120363.73200900003	97500.55204099996	
112891.63275100003	102724.15919499993	
120566.756105	96261.28022399991	
96405.79461999999	129332.70441899999	
90710.16064500001	140518.05906999996	
129088.08335200003	91101.10693	
92010.11143300003	134870.950278	
122575.40272600003	95764.88257799993	
113864.29987300003	100444.37175199993	
96075.57428799999	129969.42608899999	
99155.98168400003	112911.70376799999	
99967.58009700003	112235.57745199992	
99077.03519000002	118278.67446399997	
106556.98588499999	106115.89494699998	
97422.59371400002	121466.43110099997	
95771.795267	130609.087932	
115311.61504200002	99385.80427599992	
97781.48091800003	118958.04221699992	
120130.03253800003	97876.62833499993	
100846.54902100003	111395.66599699997	
117933.31513499997	99009.58355499999	
115587.748623	92473.848319	
101649.10821199996	104367.104524	
92514.14181899998	134785.71113400004	
94006.72425400003	123280.15050099997	
98444.23996500003	106394.19050499996	
93621.760764	130450.31345800003	
118213.76785900003	91377.17903999997	
113396.82206300003	94724.16623399999	
95933.88361599999	117776.44451399996	
106083.82497399996	98187.50638899994	
119660.622258	84967.05475099997	
107776.016961	94835.51355899998	
92733.20455600001	132163.660415	
103671.71826799998	101527.80423799998	
90582.33276199999	141703.97943000004	
107636.31899199997	97333.79479099998	
118220.33125700003	89232.85663999997	
96889.54037300003	113333.49841299995	
115031.44791400002	93779.295781	
93302.12867800002	130919.8641	
93126.176401	131098.76512899998	
91729.69111599999	140546.27503600004	
106004.58119900001	98601.01647599999	
96371.30504800001	114084.87088799995	
92238.795118	139644.261427	
102881.537136	103608.55494399999	
103926.54320199999	100301.20104599997	
98190.033156	113222.65291299994	
130296.24889700001	80232.630343	
97508.36569700003	100939.58769299998	
84725.68643799993	130289.19840599997	
95760.46509500004	110093.04642699998	
92496.32832499997	115270.957983	
102708.69760100002	89375.510741	
122143.22336000003	80423.81175600001	
101522.103665	90292.01518300001	
89790.38045	116159.90703399996	
97595.58364000003	91700.969485	
133924.83051100004	79497.89966099999	
109188.28563900001	86868.37123700003	
88739.61433899998	123576.92947199996	
114798.956648	85440.49653599999	
116287.116442	83376.33741600001	
95762.78746400004	103350.47872099996	
118772.53526800002	80633.60389099999	
103987.53778700004	88777.553195	
89102.11401199999	119985.86233799998	
96318.03913000005	103272.08001099997	
109056.22138100001	87548.03010200002	
114458.50707700002	86496.59044700001	
116201.178549	84972.12570499995	
87581.299449	124181.49564099996	
87254.94143600001	125136.14572799994	
92817.36844399998	113205.50886399994	
100457.10339500001	90295.88149900001	
96318.03913000005	103272.08001099997	
93588.30945599999	111489.33089499996	
109171.62960300001	86996.62937400003	
87784.30772499999	124093.88592699997	
110158.99504500002	100102.02456900002	
115529.76174599997	97300.748064	
110595.07493300003	99684.60212500005	
119653.85401900002	92121.87113200003	
94501.36787200002	112813.80750499998	
95334.17594899998	111655.542472	
95831.616153	106648.331441	
119079.64867300002	92530.40422600004	
111332.64284000003	99212.240749	
89036.46102200002	119084.57521699999	
132245.65664400003	85013.31550299999	
131100.73587700003	87592.58149000003	
97404.56297699998	102858.94595699997	
113013.961583	99061.24077600002	
91465.359415	116479.45981799997	
116016.68414400001	94168.90637200003	
93265.924533	114827.73180199997	
92137.308512	115124.67272099995	
129896.16989200002	88891.84206	
126802.82689000001	89465.55053500002	
128302.95519200002	88932.110209	
121107.60300800002	90234.78184600003	
130716.47835100001	88251.54837600004	
94622.15188800001	112762.93800599994	
118510.873404	93188.80924600002	
106404.42026700001	100138.93937	
106101.46621600002	101874.930459	
90429.472938	118267.849745	
106388.74203600001	101132.03655300001	
84861.67017699998	161921.06664200005	
105181.25285899996	100006.04623900003	
84919.53453599995	135962.45573300007	
141206.84906299994	89735.207417	
97416.57744599997	106503.46711400001	
154163.71551799995	86551.59506500003	
152309.05935099995	87668.82385200003	
112741.97199699997	97334.44708500004	
109687.07628399997	99862.03325000002	
141434.702684	88740.047817	
151364.153911	88056.72388600005	
84926.90803299994	134860.18620800003	
136574.919808	90365.65382800004	
97881.78755499994	102313.426003	
87358.674342	116610.42293699998	
91333.04748199997	109596.67049300001	
88912.77984299998	116314.365353	
135896.555752	91222.75610000003	
85639.08122299999	131894.28943899996	
130082.743846	91242.50659600002	
92431.48286399998	108937.35088	
152737.08080199998	87260.82633800003	
160672.18935499998	86342.58221800003	
137586.05385899998	90024.29550300004	
117374.70578599999	91340.13185500003	
112750.17544499994	96371.11299300005	
97146.00749199996	107201.55429699997	
98091.79364799995	102077.55922600001	
138304.335477	89917.32136700004	
114521.256841	95527.12608400003	
151367.52364499998	87924.23236100003	
112040.58013699995	98624.933393	
95493.896553	108696.44729999999	
91997.62358799996	109399.76922200002	
150392.94706099998	88723.403041	
96080.17198399997	107680.47261300002	
110542.46148299995	99392.28137200001	
115065.81788999992	94475.18340800001	
150920.56577699998	88545.334801	
110836.73622499993	98793.78071100001	
116294.24425599993	93399.49881500001	
95832.685812	114711.78773700002	
129827.21901000003	91395.16636399998	
87458.313064	128243.575656	
111831.38785999997	104776.29109400001	
87087.955457	132780.28836600002	
88583.598573	126702.75004099999	
108524.37241999993	106100.573974	
89124.74933700002	125673.54207399998	
113555.20509000003	103448.769079	
91649.82929899999	121714.37999399999	
90849.646762	123893.676179	
118949.81665200002	98590.48462899998	
154625.85085799987	89730.29467599995	
98401.17028399999	114256.79040299996	
114304.012894	100438.280086	
105531.826343	109571.26320800002	
111120.63022999998	105039.140166	
125351.61525599999	95148.27065499999	
156049.95121299993	88871.451996	
111305.87094199998	104946.56512899997	
130811.37351000003	90981.86562999997	
99401.00325699996	111213.50110899996	
117916.89173400002	98940.79694100001	
154704.3287879999	89437.14165799993	
87767.862935	127787.308306	
105832.42964899995	106221.39084699999	
124959.601096	97451.825127	
98193.40109999997	114597.90532500001	
98888.45198699998	113521.43739299997	
132861.92346500006	90892.47874800001	
93487.06281899997	120920.81068199998	
94518.818421	118600.594529	
91639.397534	123631.48789599998	
126631.63588799999	93601.135064	
110708.25017999997	105909.20739899999	
111889.28234899994	103853.36410300001	
99280.38139499996	112045.09946099996	
91105.69099599999	123814.70534899998	
155452.49245799994	88831.57591099998	
144465.482677	92489.80949899995	
142644.53364199997	92510.03613799995	
102210.715933	112066.61693900003	
98577.47232299997	124248.840845	
92587.06202499998	146934.67631800004	
133625.960582	94345.494656	
124629.02981399998	96869.02033400003	
147670.80412499994	91502.23270800001	
92822.109184	142422.11923699995	
98391.79144799999	131965.459894	
142385.871338	92675.84917699995	
95090.692053	134506.10833900006	
152037.95949799995	89719.48694399999	
93507.94274299999	134861.63402300002	
106140.65738900003	111743.84348400004	
120314.34005799999	99587.545088	
153002.49325699997	89643.21599699999	
156457.92085099994	88372.270997	
117212.16181599999	99889.72053	
117494.252967	99624.92086100002	
125152.034934	94349.057437	
110368.36612100001	106813.093001	
108590.59433799998	110021.91539300002	
148154.02500899998	90897.42515899995	
155275.90525299995	89480.69412399999	
119146.22080700002	99621.960736	
101476.12214700003	119825.83690200005	
92975.621748	140223.451292	
111286.555385	100084.13710400002	
123428.43648099997	97328.63844499999	
106266.75086800002	110240.58321500005	
120729.010982	97658.976966	
151207.94804899994	90745.07728399998	
120596.19453199998	99542.71297100003	
145227.363865	92346.27136899995	
109992.781891	107540.63323700005	
156658.92543199993	86999.42835399999	
145960.07319999998	92152.04405599996	
147445.93951	91569.67193699995	
111229.73841800002	103778.41864599999	
97686.889982	132010.51245100002	
122055.09186399993	97389.16123799997	
98592.89089099997	112669.925154	
120578.00670700001	97661.453634	
94859.39409199999	124949.03360100005	
97134.99500399995	119715.63635200007	
108311.84677399999	102326.27251300005	
122219.92353899997	94680.14583799998	
111518.37055400002	98687.61956200005	
139851.801209	90853.26647100002	
96662.49100899996	121780.05525700003	
124919.09490899996	93871.75956299997	
91676.52114599997	130747.335595	
97187.88126499996	119709.33858400003	
114793.02165899993	98460.79337799999	
98716.276684	107665.40689700002	
108862.31099400001	100513.82797000004	
106690.89901799998	104198.74692000003	
98560.40797700002	115268.69029000006	
98202.122664	115933.86618000004	
87406.85988499998	142069.4028600001	
89048.27966399999	134326.57906500003	
111221.13585800002	99261.11622000005	
97308.83770099997	119056.89268700006	
93960.505004	126371.37700700005	
105320.79157300001	104545.08684800004	
126640.16859899997	92867.49832899995	
88091.004722	135551.97934200006	
97538.38213799996	117349.14446400006	
145026.03548100006	90353.985637	
107428.37837499999	104124.19079200004	
119434.278159	97895.45463000001	
93511.41095299996	130345.80430500003	
119663.19817199999	97807.46725	
152611.60876800006	89832.69960899999	
126663.41442699995	92720.27186499996	
87328.90038500003	146460.29943700007	
138948.01332000003	92061.84752999998	
94753.44014099994	126051.75551300004	
94898.760602	122493.66019800007	
96909.25966999994	120522.38229000004	
112105.39676399999	104818.03707599998	
90619.27350099999	150502.18546200005	
128011.06919600005	91296.94371800001	
96581.997294	127158.375111	
140535.50088599997	86189.51314900003	
101111.32982500001	109876.31014799999	
131377.26014700005	90590.12946399998	
118225.17144799996	99419.74163899997	
118607.00394699992	94883.28831199999	
122715.69146999998	94876.692232	
91763.72028900003	144265.25114400004	
95873.44610500001	129509.37387899999	
124927.61027599999	94827.98643899997	
127184.84340200006	91581.84299400002	
107192.77284299996	104917.56301299998	
94235.47814100004	134085.582319	
135773.22325300003	89438.440438	
91738.39335799999	149294.42432700002	
93335.43981400003	136230.114011	
96341.20496500001	127364.69223799999	
94286.65839800003	133267.426169	
97596.85801500002	118054.00224599997	
94545.68956500002	132150.52908699997	
153377.30130400002	83523.46334000002	
116690.36961599994	100472.81475499998	
118559.20724799998	98642.873003	
116690.38890199995	99695.03283999999	
137047.34707600003	86337.55861999997	
147151.63061000002	85129.04497699995	
93158.38265800002	138289.63375899993	
125204.85381699997	93633.96354099998	
97696.98929100002	116617.07440099998	
114186.369965	101719.82250899996	
134304.678607	90175.09476799997	
92989.24788700002	143867.61728999994	
134858.57049600003	89506.47721199997	
125652.55788400005	93099.62644500003	
97756.40658700002	114178.42257699999	
99056.02052900003	111793.78732699997	
105242.97070400005	109255.11478499995	
118571.74985999997	97851.38539499998	
136864.565973	89346.98893899994	
125705.80225600004	91938.84602200001	
84412.541797	123300.728989	
96431.24035100004	108185.866388	
83992.34615299999	123965.56200300006	
101891.34673500001	105463.324122	
104557.82882400003	102404.01929700002	
91791.71741100002	110591.13359000004	
105377.54410999997	100149.86911200003	
110412.04491699999	98429.79798900003	
112756.625433	93382.887583	
90062.140871	116808.64767100004	
100408.35860200004	105802.484539	
136216.940095	86178.46499799998	
85289.44525199999	120542.93811300005	
88773.42270400001	118591.93819900003	
90690.26047500002	113336.169136	
107848.546534	99359.44669000001	
102563.591887	102746.95882600002	
122142.04350000001	89660.11795200002	
130185.67779400002	89116.25080600003	
81856.271096	144186.45257999998	
99416.15579300003	106101.632766	
82880.46590499999	126196.52567300004	
87635.69465199999	119726.58275200003	
97056.18625000003	107762.102977	
91370.43770500003	112489.086138	
96186.56846100005	109792.818172	
112109.62936899999	96755.06999	
115989.909622	91822.40239799999	
89527.39538000003	118011.61044100003	
114745.33440099997	102699.98249300003	
127608.42509500004	91888.397656	
142315.82281600003	86180.60584399998	
95529.198573	118344.01431299999	
148466.523667	85604.572267	
88481.82293400001	145947.06155400007	
137078.06049899998	91851.78136399995	
84878.96288200004	153763.318813	
92195.707071	127946.585727	
85281.10253100003	152572.42573300004	
137095.27142	91307.78478799998	
109717.417421	106203.40182299998	
99422.62562899996	114259.60780700001	
119998.01051300004	100204.84395100005	
155005.44097300002	85266.84223899999	
123352.586788	98024.13952199998	
111467.461098	105007.363179	
109976.85865499999	105839.150898	
97494.56745	114938.00416699998	
90405.85462099999	135307.99020900004	
89966.678491	138005.50625000003	
87951.31188000004	148965.2643180001	
89446.302515	141281.38964200002	
100843.16755700002	108919.455422	
88026.17792100004	147389.46461500003	
123463.11083100001	97447.58750699999	
108722.69152000001	106501.87085999998	
125339.88128300004	93883.4879	
85494.05120500004	149933.51808900005	
96562.438952	116618.11168399999	
103366.441782	106896.83279100001	
111661.290264	104602.55325000001	
93557.72692299998	127178.38041999997	
101194.870877	107545.848902	
116992.67487699998	101609.688139	
112733.83078999999	103155.074396	
119116.09888899993	101190.43623100004	
94783.96661699998	119961.59468499999	
96453.065512	117085.92472000001	
95410.02003500001	118691.04196799999	
125017.85745600003	95177.753117	
146981.26507199998	86799.09610300003	
142290.765093	87241.371909	
108263.35760099995	103533.31178900003	
92278.21028399999	119862.05955100001	
138348.52955900002	88273.474004	
109424.16452099994	102402.86413100004	
122445.36373100002	95360.46234400003	
116621.59706699998	97096.32405900002	
123947.504555	92777.42552500001	
94945.93573299999	118246.22630200005	
102434.89789799998	109166.55123400001	
91390.12025200001	127002.15403600004	
96112.03116199997	115073.86456300004	
104703.59989400001	107527.43553	
101421.53949999997	109702.62726400004	
91363.07875599999	128859.48674700003	
136954.73873299998	90199.87052400003	
105717.99716099999	107215.31564500007	
118934.81301999997	95806.72766600004	
115624.53483999996	97250.11325400004	
99151.25316499999	109900.80492900005	
110937.427743	101222.82562300003	
91325.227955	136357.48011100004	
133005.55588300002	91377.27266200003	
112409.513657	98790.62065900001	
114268.56572699995	98719.58048000005	
91211.166704	137254.87630100007	
106167.03655	103856.11971100005	
95082.42804099998	117228.87728200006	
132273.39798800004	91860.19694600004	
111853.031085	99526.71578000003	
152593.20985399996	86754.51412599998	
103932.22349299998	108592.60666100003	
114593.77542999995	98647.34113100004	
104019.598074	108012.67256800004	
132352.813568	91414.18662300005	
93781.56124799997	108428.128339	
120266.08453499996	88189.720237	
105071.74966300005	100888.29784000004	
93173.72361299998	111388.43770000001	
84106.51789599996	136506.30477800002	
116001.06535700004	89798.36825800006	
82032.642349	139908.877938	
85244.26476999998	115983.19774500001	
103452.77357500004	101607.24318100006	
135434.683202	84942.11143999998	
117026.63255100005	89680.86966100005	
107647.395592	92155.51254900005	
83144.876723	139277.209911	
102784.47896100006	102321.07951100005	
114237.88655100003	91069.64586200005	
123098.52432499998	87803.387475	
102221.66616	103264.49193400005	
114742.72104600002	90736.55915800005	
106679.28693000002	97424.45826000007	
118660.88602199999	89293.491043	
94020.18216099999	107224.55831400002	
127542.39336299997	87356.90363	
83546.99032299996	138904.46070900004	
115887.93662200004	89893.53695700003	
125312.67444699997	87545.873962	
127877.634444	86725.52307200001	
81506.76198800001	142283.83496299997	
99680.57430099999	104894.17668099997	
113377.33921099998	91311.61107700002	
100097.36888899999	104245.52593700004	
130627.12929099999	85980.753615	
83711.61634999997	137851.68126600003	
100679.89159300004	103353.04779900002	
106124.73546899999	97688.86765100007	
83961.33091199998	136888.552043	
119512.86396200006	83554.18917400003	
96456.291866	95735.50347200001	
98742.77778300004	93696.23045000003	
93520.95858100006	98226.98123700004	
83087.08832700005	108607.959143	
97513.03557600002	94793.907684	
101263.940337	92448.76928799998	
101493.13361100003	91812.09862499998	
95144.19861900005	95882.94700700002	
82809.12500300004	108736.78110800001	
88664.73620800002	105605.64646500001	
131969.135684	82709.63216300003	
90256.20746700004	104491.03723900004	
86176.21222400002	105703.14662700002	
90765.543043	100966.42409300004	
102794.21357500003	90035.20901600002	
100283.60966700004	93245.36702700003	
103694.63700700003	84339.36832099999	
89170.96727300003	104875.71660700001	
120153.34092900006	82984.673853	
89391.28853700003	104660.82142099999	
83494.30761600003	107890.08104600002	
100836.33380899999	92602.67740100004	
92181.21003799998	131722.78523100005	
125472.68994699998	95217.95616799999	
133044.89345300003	88373.98233099999	
113873.85259199995	100956.40188899999	
116479.247572	97028.63866899996	
97605.24979800002	127173.85476199997	
128263.17963299999	93742.321763	
130164.08356599999	91503.67997499995	
113257.16679400003	104454.23740199998	
90589.05158100004	134270.42931499996	
88148.72964800004	134695.90621400002	
97627.356086	125976.52805899997	
102492.402467	112727.57336	
101018.90701400001	119446.60990400003	
105114.04473500002	110340.20581099999	
94369.77033099999	129771.69148899998	
97246.127395	129361.34404899999	
135539.09025800004	87324.27991799999	
141824.66330800005	86516.68584899999	
139234.226207	86630.777549	
101719.269666	117137.94664999995	
87647.74085300002	147704.093786	
115833.593272	97743.78827099998	
107221.34270199998	109314.33794799999	
92930.757218	131195.64191500004	
108745.33832700002	108479.09602199995	
87620.98289400003	149324.60921000002	
147346.03566100003	85279.77566599997	
115667.21668999999	99801.813063	
111220.78707299998	104964.15371299996	
110185.320784	107453.490077	
130788.170764	91352.41579799996	
102492.09981300004	116411.33263000002	
87048.54684800003	152738.76748100005	
145418.759925	85553.70245099998	
99880.024118	121088.72456899995	
151786.0287	85530.67971999999	
143587.97951499998	89250.15684900002	
110743.148912	106336.99343100002	
140751.244857	91020.136915	
94559.52471499999	122153.11362200002	
107303.8319	110706.74483200004	
132954.956706	92852.89637100002	
100026.36056099998	116219.64334700006	
93330.06888699997	131860.99867899998	
121458.63391299998	95997.38780500005	
93633.004096	123009.69627300002	
152262.886522	85400.641119	
155503.988987	82692.85677000003	
146513.02533299997	86298.888186	
127654.79897199998	95481.21432600003	
117125.57208500002	99777.44024499998	
154723.592757	85267.37368599999	
102703.15305999998	115406.61611100001	
107738.58157399995	109598.07190900002	
114311.43671300002	103478.725604	
98532.96365799998	117848.50369500005	
102349.63951699997	115467.05288700007	
120764.406941	97534.15655	
149185.66410499997	85679.474907	
134289.46998300002	91063.35437800002	
105822.38899499999	113049.36273900005	
133707.948906	91942.750703	
98380.64113299998	118204.91553700005	
128386.62757999999	93594.92258900005	
133274.869282	92370.22673600001	
129909.71239799995	81886.45821299998	
85678.08789200001	125976.04621699997	
94334.406193	102580.00533599999	
116284.266275	90821.52191499993	
124628.96236999996	84158.235904	
86174.26603499996	125947.13576899996	
86523.19714900001	118121.92021400001	
123839.50421300001	84884.86920399993	
91717.83399400002	108848.18824000005	
126099.72893399997	82737.35129699999	
105397.760915	100747.75660299997	
108295.79324199997	100343.08884299999	
111448.37639599998	95384.62171	
93003.53136	108312.67686100001	
85247.29739299997	126220.48807099999	
115774.590268	90829.68872999994	
89711.98102199999	110740.87310799999	
87384.86705	111984.949513	
111579.60588999998	95186.577594	
120584.83909899998	86315.63140599994	
123239.32632899996	84965.52573099997	
105185.53297000003	101910.90890399998	
113119.30959400002	94321.46252999998	
110082.281789	96771.319144	
117343.11723899997	86819.21831899995	
114935.75794299998	90944.63809699996	
87900.128536	111087.449325	
116346.37478100002	88110.60179299995	
87505.90464	111354.36569499996	
114099.34704900003	93130.18844799997	
110123.80832000001	96674.92518099997	
106892.83479300002	100360.943697	
109996.400711	99222.35872999998	
89076.08456199997	142317.05676399995	
91527.16406700002	127804.192032	
96470.59820000001	114097.06502199997	
106612.30463300002	105006.271519	
111973.07052899999	96268.42953100003	
104175.69910499999	108132.048606	
93980.53807200002	116066.94807099995	
93860.34576599998	121540.634091	
118241.446451	93133.34595200003	
121610.240319	93103.22714800003	
89896.494026	128289.77263099999	
100955.02747599997	108790.26811	
122220.82350200003	92420.07747800005	
126267.27540999997	91422.36194000003	
108650.34597800001	104102.104831	
110442.52108999998	101645.384994	
105129.74225100003	106582.677206	
108703.22709500002	102962.41133799999	
105676.824042	106543.771806	
121800.08056400003	92854.46537900004	
117589.118772	95531.480652	
129260.24883	90492.929818	
102716.66883799998	108589.41304100002	
100467.46175599999	112659.88962299997	
127714.07451799998	90767.19345800001	
91622.191252	122530.50777899995	
108600.754136	104557.79766	
108519.63806000004	104852.90997699999	
95976.335455	121599.65691000002	
97802.65257999998	119400.31400999996	
128599.28256499994	91495.65838899997	
143389.487795	88329.387837	
101187.64371300001	107004.053505	
133628.89786400003	89337.21281099999	
101871.86229100001	106171.15474900001	
94899.50164599995	123656.75986699999	
111289.46630300002	98419.37062400002	
127173.61492699997	93612.52807100001	
86024.64221	161150.80116000006	
143757.309639	86163.534274	
100863.71326	116149.64924600002	
96791.80477699998	120891.40693600003	
127444.67753399997	93411.04622400002	
88733.28945699999	155427.07644900004	
100714.18577499999	116547.22134799999	
126636.46816499997	94447.64620100003	
105528.519006	100567.53074399999	
89666.65339599998	147467.37519300004	
91416.12222100001	143934.64843400006	
112483.95582199999	94718.22898499998	
128329.17315999996	91833.884371	
91747.14876799998	124491.51013499997	
99388.14910299999	116903.91052100001	
89821.15799199998	146663.91124300004	
91365.92874699997	146108.30024700004	
89175.19475799998	147657.992214	
86390.53970000001	157195.730982	
127937.62995	92299.51547600004	
112228.002767	95356.212338	
126967.96674799996	93756.99805600003	
131451.711595	90185.64565199998	
108745.781921	98994.35070200001	
108160.60574800002	99510.87556500001	
114623.70707099997	96569.37301500002	
135356.193438	88414.88367300005	
93028.76546900009	126040.17735700002	
115063.11133199999	93064.80509500002	
90064.08356700004	131181.124537	
125948.58329799997	91679.23568799997	
113356.43964200003	101263.14481700001	
127764.94159499997	90361.33032	
120896.74170299999	92124.16928500001	
140541.589934	86298.95203000003	
101856.47863500006	116902.494408	
89472.70881900004	134875.329605	
88096.34524100003	135009.414014	
101024.805894	118524.38181499997	
91915.43299400002	127458.68977200001	
100647.511284	119355.49682800003	
98578.54000200007	122415.63406700002	
106159.588072	111691.07088599997	
87617.17662900004	141140.052514	
119858.89056899998	92227.67961300001	
102234.89471000008	114849.54006000001	
97942.46129100006	122640.09470600002	
87379.25891099998	154497.71597199998	
133114.397688	88420.33957400006	
86844.54119200003	155727.41861999998	
93341.41350000007	122680.25995000002	
101372.900807	116903.07687299998	
111520.20771100002	101267.30745900002	
90569.58516000002	128146.61019200002	
102889.35592300001	112573.783343	
105596.15481400002	112490.83623300004	
106634.83027000003	102416.450414	
87868.58899600003	135422.33104000002	
137661.68501699998	88162.10398800003	
130559.94089599996	89370.04457000004	
100523.51409	119489.51758800005	
106607.50870800001	110901.47424600003	
105979.07428000003	112323.36983500005	
100167.078821	120164.14484200004	
86818.72844900003	155842.71863199997	
107670.358861	106385.772481	
126159.96803599996	93991.93311799999	
92516.644276	119685.37945499999	
123511.93010999999	94755.44137999999	
110391.92710899998	101556.43888599999	
112799.96490199999	101126.42609700003	
99927.91761299998	108155.16566599999	
94729.12898699999	114506.30113100003	
89731.85836000001	119856.150701	
114573.375313	97574.185966	
135860.003476	88175.32605399995	
116385.85464099998	97527.111743	
132079.767926	93267.675374	
120136.15338499998	96549.247776	
89250.52019400001	123070.641263	
88864.71532599998	137950.519842	
134656.959553	93151.04374799997	
92759.07467999998	119531.74118499999	
113693.813519	99339.07922100004	
118503.11943199999	97102.96321700003	
94526.55793799997	117237.297387	
122610.921077	94943.97892000002	
134766.02558699998	91923.63169399998	
107297.73924600001	106719.09446299997	
93744.906063	118187.63158600003	
114081.766474	97651.12568500002	
121874.083883	96309.37032900003	
89119.25110900002	141423.12275300003	
124804.67318700001	93384.80579200004	
111459.635688	96236.01493900003	
134915.82970399995	91734.62659100002	
114865.28899100001	94593.04144000002	
109496.168663	97638.214413	
86069.54946600004	152712.350606	
95138.83089499999	126049.43357200004	
93222.83345599998	130122.16734600002	
103067.42471300004	108836.942431	
90417.69175899996	134106.263012	
101839.53931200001	111236.34916600004	
114553.67819500001	94945.98213000005	
88905.980002	147218.05811300004	
93055.97415799998	133542.69558600002	
111234.12502400001	96840.45170500004	
87442.29922400002	151062.948205	
95133.96540999999	126149.574456	
95773.24520100001	121223.83373999999	
93668.68779100005	129537.03847300002	
112726.95083700001	95145.70008700002	
94241.65108899999	129093.46206500001	
101129.72307300002	111567.32597400002	
106088.98628400001	100413.97242599998	
88624.64903700002	147555.503798	
111182.546814	96862.63762700003	
84403.64922500003	160922.34029400002	
84235.48178200003	162618.10799300004	
86831.25182100003	151662.68351100004	
100678.25670300002	112067.31344000004	
99217.62594700002	113268.23172800003	
84596.09566400004	154023.20565700004	
104967.95034199998	102908.91750299999	
94970.35435500002	115235.35627299997	
119553.093272	96434.24538000004	
109775.57849699995	101867.982069	
116816.851994	101044.45691300002	
93596.16274	117955.16644700001	
145528.509967	90640.74272700003	
134436.300539	92682.08004900001	
114382.19661600002	101111.19666900003	
146034.17990600003	90538.425103	
92582.31668700001	120838.936803	
154335.49056900002	89922.55462600001	
132625.43906199996	96098.932854	
89248.535093	129239.01756300003	
104406.41494999998	102499.488247	
147639.68702300003	90239.204537	
139133.43038800004	92449.76530599999	
102107.36803199997	106861.407865	
130059.413362	96161.08282400001	
118788.55909599998	100324.37376200002	
141280.16594200002	92300.59717699999	
133245.67443199997	93224.82170900001	
88724.68942400003	129808.03753500002	
98165.63749299999	112656.15356700003	
144123.17328100005	90743.96528399998	
98617.46512600001	108310.722748	
132936.595034	95687.037777	
88740.60912800001	129646.21684900003	
143607.84943400003	91822.781148	
143934.12168299998	90957.45731900002	
96343.354625	114319.30432100003	
90551.185126	121266.964692	
132740.797088	96053.441771	
108339.07110500002	94833.55165900002	
99906.81542699998	106141.07415099998	
104661.02207299996	99030.38321899998	
104024.56128199994	100659.22581199999	
88163.15176900002	120506.55276700002	
101060.24819899998	102940.08333200001	
100067.57156399997	105858.17826300004	
128814.882986	83767.51923499999	
99879.15813199998	106906.87774	
135584.83576299998	83409.020511	
90147.40032299998	117365.79517600004	
126869.68560999997	86129.79973200001	
95356.36075199996	109248.69020399998	
117147.08841500002	87314.94487399998	
103788.84941299995	101181.84141	
100409.306036	105370.51915199996	
97921.73584899996	107057.25207299998	
108097.08357100004	96776.78421700004	
136440.276429	81690.44306	
106730.85336500003	96884.819281	
110104.28584400001	92880.79869200001	
93618.69813699998	112958.719862	
96184.99399599999	107315.97413700001	
125984.49763799999	86364.68953799998	
111074.46418700002	89772.183322	
94352.76470299995	111458.99762299994	
104716.78417299996	98915.652195	
127795.309329	86087.656116	
90667.18281899995	113553.75144999998	
114816.53804300002	88598.242581	
104366.57703499995	99766.87080599999	
90415.56695699996	113982.02846100001	
89139.43445200004	119770.62364999996	
123059.203678	86429.88845199998	
115451.41255500003	88464.626995	
96855.125103	106238.76799700002	
148654.222575	79179.04226700003	
100448.45167100002	95475.65107399998	
117889.56075300001	83424.07280100003	
100892.931167	94846.62916800001	
98978.96156700002	102218.65101199999	
90439.501329	116631.10282599999	
99372.41236200005	99545.914046	
148473.316408	79355.860659	
107252.44780500006	91898.72583299993	
89600.21267099999	128653.908847	
144563.30573799997	79669.56258900004	
129394.872607	82597.58395600002	
99322.174085	100365.94261599999	
112449.35345800001	91021.33121300004	
99848.00040300004	98780.220799	
114163.85749200001	90197.12098200005	
134006.069264	82045.604704	
92278.69725799997	111867.93037200002	
87954.793138	137152.37512299998	
94492.80647800001	107458.773546	
140097.97277100003	80740.520954	
92957.89873700001	111590.95741499998	
115757.231173	90101.80339500002	
89739.09296800001	123495.83305799999	
135750.10719699998	81108.31572200001	
98502.57091300003	103694.22938799995	
107176.61976000003	94201.93695699994	
89661.081234	127572.492622	
116413.35046399999	89046.47571100004	
93985.32844900002	107545.900515	
106932.41728900003	94730.73628099995	
152353.40701199998	78402.11551999999	
113003.255745	90225.99351800003	
117379.98248900003	88926.54402099997	
142094.21736300003	80521.341904	
131697.70538600002	92417.54127300001	
109663.760679	107800.793538	
103400.40179599998	110584.31013799997	
108434.70555499995	108853.36842599999	
87831.80882300006	145828.11588799994	
93279.08170900003	133666.320092	
126215.671094	95622.26524599997	
111702.41776399997	105609.18822999997	
99962.94970999997	115527.37309299997	
89308.02235700005	139576.94969699995	
88823.90507800007	140737.95342299994	
104341.41718599999	110059.90932700002	
99326.59280599997	115809.37016199998	
89948.46433900004	136659.023218	
136879.74117199998	90965.95206799997	
118401.16127799993	98418.501916	
107143.65107899999	110044.65286199997	
95295.75150599999	123997.066707	
129425.58808999999	93750.43943099999	
91112.70337200003	136243.80386599997	
91566.51049200003	135993.28778600003	
111269.612891	106865.080767	
95121.38994699997	129299.781366	
143170.649184	89344.037025	
112782.17215299995	101600.82161099996	
119979.32584399998	96236.32115699998	
88462.67664100004	144600.75601699992	
100701.47175	115271.59856700001	
98355.74138099999	121304.81537399998	
103939.82976799998	110141.04910099998	
99063.18268899998	115818.13058599998	
90996.53659600003	136645.66798999996	
112164.86285299996	102136.603046	
127192.74717300001	94815.576221	
101039.18206200004	115030.44938299997	
107212.997264	109145.338327	
140946.538791	89533.31892599999	
94492.96772800006	132683.73633300004	
109324.30872299995	108520.90847699996	
94416.51352800005	133305.57317599998	
97166.52126499997	122121.46956099998	
128166.74450599999	94622.96295899998	
109882.59056	106882.07916600001	
130379.086608	93567.971696	
92022.952045	134250.41444800003	
96731.897645	123881.89226	
116100.39281499993	99762.91902899997	
101388.794891	112905.948027	
113460.28908699994	99927.67226499999	
88605.39064700007	143334.60897699994	
102303.28134100002	112753.21953599999	
126708.13015799999	95039.61932399997	
112920.38717299995	100500.359732	
116201.80744199992	99303.55246399998	
