 94 63 41 9 18 97 33 70 49 85 24 67 76 88 36 28 50 81 23 25 39 0 14 86 8 6 95 13 32 51 77 84 2 4 12 43 72 99 47 10 15 62 96 91 92 27 42 20 65 66 7 52 53 75 29 11 34 1 79 40 38 82 61 46 74 83 44 59 98 30 55 31 54 45 48 89 3 64 60 80 26 19 56 68 17 35 21 87 93 37 90 22 16 71 58 73 69 78 5 57 
 72 43 47 36 94 39 63 30 14 97 92 1 27 90 76 73 62 25 52 96 91 18 23 31 50 33 42 70 12 13 32 8 6 11 95 49 85 34 24 81 67 4 77 51 2 41 79 0 86 28 84 40 38 82 61 44 20 15 78 48 58 21 87 7 65 98 10 66 53 75 29 99 69 88 3 64 55 80 59 83 9 93 37 71 22 16 57 54 45 60 19 26 56 68 17 35 46 89 5 74 
 71 97 24 41 16 46 88 90 61 76 67 4 38 63 30 64 48 28 81 36 60 45 11 95 32 43 50 77 8 23 25 39 6 26 0 78 14 56 47 86 51 84 80 44 59 2 22 12 72 68 99 10 15 1 49 13 54 42 94 70 40 57 87 20 31 62 17 83 96 73 91 92 35 27 21 58 65 98 66 7 55 53 75 29 19 34 74 3 9 18 52 79 5 33 82 85 89 93 37 69 
 71 97 24 21 16 46 41 1 61 76 22 49 63 30 64 48 81 36 11 50 23 25 39 0 78 14 86 8 6 32 13 95 51 28 77 84 60 80 44 59 45 2 4 12 43 56 72 68 99 47 10 15 62 17 31 26 83 96 73 91 92 35 27 42 20 58 54 38 94 70 40 55 67 87 65 98 66 7 57 53 75 29 19 34 90 74 3 9 18 52 79 5 33 82 85 89 88 93 37 69 
 71 97 24 68 16 46 41 1 61 76 22 49 63 30 64 48 81 51 60 45 29 43 50 77 23 25 39 26 0 78 14 56 47 86 84 80 44 59 8 6 32 13 95 2 4 12 36 28 54 38 42 94 70 40 99 57 67 87 21 31 10 15 62 17 83 96 73 91 92 35 27 20 58 65 98 66 7 55 53 75 11 19 34 90 74 3 9 18 52 79 5 33 82 85 89 72 88 93 37 69 
 71 97 24 21 16 46 88 90 61 76 67 4 38 63 30 64 48 28 81 36 60 45 11 95 32 43 50 77 8 23 25 39 6 26 0 78 14 56 47 86 51 84 80 44 59 2 22 12 72 68 99 10 15 62 17 31 83 96 73 91 92 35 27 42 20 58 18 13 65 98 66 7 55 54 53 75 29 19 74 34 1 3 9 52 85 57 33 82 49 94 37 87 89 79 70 40 41 93 69 5 
 94 63 97 49 67 76 88 30 1 27 14 62 52 23 9 25 96 91 18 46 24 81 53 4 36 2 41 79 0 10 74 33 42 70 85 34 50 77 8 6 47 13 64 48 98 60 45 11 95 32 43 39 26 78 28 56 86 51 84 80 44 59 12 72 68 99 15 17 31 83 73 92 35 20 58 65 66 7 55 75 29 19 40 38 82 61 57 54 21 87 93 37 90 22 16 71 69 3 89 5 
 40 72 43 47 36 94 39 63 30 14 97 58 67 1 27 90 76 79 38 82 41 73 62 25 52 96 88 91 18 10 31 33 42 70 85 34 50 77 8 6 95 13 32 2 4 12 51 28 54 49 9 83 44 11 0 23 78 92 86 84 48 71 22 21 87 7 65 98 15 66 53 75 29 99 81 20 37 69 3 64 55 61 16 57 24 45 60 80 59 26 19 56 68 17 35 46 74 5 89 93 
 72 43 95 51 94 39 63 1 27 14 62 25 23 9 96 91 18 73 84 81 53 4 36 2 41 79 0 10 31 33 42 70 34 50 77 8 47 13 32 86 28 40 38 82 61 11 21 87 7 65 15 20 67 12 75 29 99 49 97 93 48 92 66 88 52 83 37 44 22 85 16 30 55 57 54 45 59 71 98 69 3 64 60 80 24 76 26 19 6 56 68 17 35 58 90 46 89 78 5 74 
 50 72 43 47 36 94 63 1 27 88 14 62 25 23 9 52 96 91 18 10 31 97 73 33 39 11 8 95 13 32 42 70 99 85 34 49 81 67 4 77 51 2 41 79 0 86 28 40 38 82 61 92 44 21 87 7 65 15 53 12 75 29 24 20 48 66 93 37 90 22 16 30 55 57 54 45 59 71 98 69 3 64 60 80 84 76 26 19 6 56 68 17 35 58 46 83 89 78 5 74 
 71 97 24 68 16 46 41 1 61 76 22 49 63 30 64 48 81 51 60 45 11 43 50 77 23 25 39 26 0 78 14 56 47 86 84 80 44 59 8 6 32 13 95 2 4 12 36 28 54 38 42 94 70 40 99 57 67 87 21 31 10 15 62 17 83 96 73 91 92 35 27 20 58 65 98 66 7 55 53 75 29 19 34 90 74 3 9 18 52 79 5 33 82 85 89 72 88 93 37 69 
 72 43 95 51 94 39 63 76 1 27 14 62 25 23 9 52 96 91 18 46 24 81 53 4 36 2 41 79 0 10 74 33 42 70 85 34 50 77 8 6 47 13 32 86 28 84 40 38 82 61 11 7 65 15 20 67 12 75 29 99 49 97 92 66 88 83 44 59 98 30 55 31 54 45 48 69 3 64 60 80 26 19 56 68 17 35 21 87 93 37 90 22 16 71 58 73 89 78 5 57 
 5 89 71 46 76 90 40 22 38 63 88 30 64 62 25 23 9 52 96 91 18 10 31 97 73 35 45 42 70 13 32 95 6 11 8 49 85 34 24 81 67 4 77 36 48 28 50 39 0 98 14 86 51 84 54 80 44 59 2 12 43 56 72 68 99 47 15 17 26 83 92 27 20 58 65 78 66 7 55 53 75 29 19 1 74 3 60 94 57 33 82 41 21 87 37 16 61 79 93 69 
 71 97 24 21 90 46 16 61 76 67 22 38 63 30 48 28 98 81 36 50 23 25 39 0 41 64 14 86 8 6 95 13 32 51 77 84 60 80 44 59 45 2 4 12 43 56 72 68 99 47 10 15 62 17 31 26 83 96 73 91 92 35 27 42 20 58 65 78 66 7 55 54 53 75 29 11 19 34 1 74 3 9 18 52 85 57 33 82 49 94 37 87 89 79 70 40 88 93 69 5 
 72 43 47 36 94 39 63 30 14 97 92 67 1 27 90 76 79 38 82 73 62 25 52 96 41 91 18 23 31 50 8 33 42 70 85 34 24 49 81 77 13 32 2 4 12 51 28 11 44 20 0 15 78 6 84 48 71 21 87 7 88 98 10 66 53 75 29 99 69 3 64 55 61 80 59 65 83 9 93 37 58 22 16 57 54 45 60 95 40 19 26 86 56 68 17 35 46 89 5 74 
 71 97 24 21 16 46 88 90 61 76 67 22 38 63 30 64 48 28 81 36 60 45 11 95 32 43 50 77 8 23 25 39 6 26 0 78 14 56 47 86 51 84 80 44 59 2 4 12 72 68 99 10 15 62 17 31 83 96 73 91 92 35 27 42 20 58 3 9 18 13 65 98 66 7 55 54 53 75 29 19 34 1 74 52 85 57 33 82 49 94 37 87 89 79 70 40 41 93 69 5 
 40 43 47 36 94 39 63 30 14 97 67 1 34 90 76 22 79 38 75 88 25 52 41 18 33 42 70 85 27 50 77 8 6 95 13 32 51 28 54 49 9 20 44 11 0 23 59 2 4 12 72 68 99 10 15 62 17 31 83 96 73 91 86 84 48 71 21 87 7 65 98 66 53 82 29 81 92 69 37 3 64 55 93 16 57 24 45 60 80 26 19 56 35 58 46 89 78 74 5 61 
 71 90 36 99 42 70 49 85 24 79 23 40 38 75 94 63 30 64 25 9 43 50 77 39 11 8 95 13 32 51 81 44 59 2 4 12 28 47 10 15 62 96 0 78 14 31 83 73 91 86 1 72 68 48 65 98 66 53 27 41 61 7 55 74 34 29 92 3 21 97 18 87 67 33 82 52 37 22 16 57 54 45 60 80 84 76 26 19 6 56 20 17 35 58 46 89 88 5 93 69 
 72 43 47 36 94 39 63 41 14 90 2 76 79 92 30 37 67 1 27 61 38 82 88 62 25 52 18 15 31 33 42 70 85 34 50 77 8 6 95 13 32 40 4 12 51 28 54 49 9 68 44 11 0 23 78 58 86 84 48 96 73 91 71 22 21 87 7 65 98 10 66 53 75 29 99 81 83 69 93 74 3 64 55 97 16 57 24 45 60 80 59 26 19 56 20 17 35 46 89 5 
 72 43 95 51 94 39 63 76 1 27 14 62 25 23 52 96 91 18 73 24 81 32 4 36 2 41 79 0 10 31 33 42 70 85 34 50 77 40 6 47 13 53 86 28 84 8 38 82 61 11 21 87 7 65 15 20 67 12 75 29 99 49 97 92 66 88 83 44 59 71 98 30 55 48 69 3 64 9 93 37 58 22 16 57 54 45 60 80 26 19 56 68 17 35 90 46 89 78 5 74 
 40 43 47 36 94 39 63 30 14 97 67 1 27 90 76 22 79 38 75 88 25 52 41 18 33 42 70 85 34 50 77 8 6 95 13 32 51 28 54 49 9 20 44 11 0 23 78 59 2 4 12 72 68 99 10 15 62 17 31 83 96 73 91 58 86 84 48 71 89 21 87 7 65 98 66 53 82 29 81 92 69 37 3 64 55 93 16 57 24 45 60 80 26 19 56 35 46 74 5 61 
 71 90 72 1 68 36 48 98 50 43 94 63 30 27 14 52 96 91 18 10 31 97 73 35 33 77 39 11 8 6 95 13 32 51 81 45 60 80 44 59 84 2 4 42 70 49 85 34 24 76 67 62 79 74 3 17 23 89 87 55 41 0 86 38 21 7 65 25 15 20 53 12 75 29 99 61 82 92 66 88 83 9 93 37 58 22 16 57 54 40 19 26 56 47 28 46 78 5 64 69 
 72 43 47 36 94 39 63 30 14 97 92 67 1 27 90 76 79 38 82 73 62 25 52 96 41 91 18 23 31 50 8 33 42 70 85 34 24 49 81 77 13 32 2 4 12 51 28 11 44 20 0 15 78 6 84 48 71 21 87 7 65 98 10 66 53 75 29 99 69 3 64 55 61 80 59 88 83 9 93 37 58 22 16 57 54 45 60 95 40 19 26 86 56 68 17 35 46 89 5 74 
 40 72 43 47 36 94 39 63 30 14 97 92 67 1 27 90 76 79 38 82 41 73 62 25 52 96 88 91 18 10 44 33 42 70 85 34 50 77 8 6 95 13 32 2 4 12 51 28 54 49 9 83 31 11 0 23 78 58 86 84 48 71 22 21 87 7 65 98 15 66 53 75 29 99 81 20 37 69 3 64 55 61 16 57 24 45 60 80 59 26 19 56 68 17 35 46 74 5 89 93 
 72 43 50 47 32 94 63 76 1 27 88 14 62 25 23 9 18 96 91 52 10 31 97 73 35 33 39 11 8 6 95 13 36 42 70 49 85 34 24 81 67 4 77 51 2 41 79 0 86 28 84 40 38 82 61 92 44 30 55 57 54 45 59 21 87 7 65 15 53 12 75 29 99 20 98 48 66 64 93 37 58 90 22 16 71 69 3 83 60 80 19 26 56 68 17 46 89 78 5 74 
 72 50 43 47 36 94 39 63 48 1 27 90 14 10 62 25 52 96 91 18 73 31 21 9 34 24 49 4 77 51 2 81 67 33 42 13 70 11 79 0 86 28 95 40 38 32 8 82 7 23 65 87 15 20 53 12 75 29 99 61 97 92 66 88 93 83 37 44 22 85 16 30 55 57 54 45 59 71 98 69 3 64 60 80 84 76 26 19 6 56 68 17 35 58 46 89 78 5 74 41 
 71 97 24 21 16 46 41 90 61 76 67 22 38 63 30 64 48 28 98 81 36 60 45 11 95 32 43 50 77 8 23 25 39 6 26 0 78 14 56 47 86 13 51 84 80 44 59 2 4 12 72 68 99 10 15 62 17 31 83 96 73 91 92 35 27 42 20 58 65 66 7 55 54 53 75 29 19 34 1 74 3 9 18 52 85 57 33 82 49 94 37 87 89 79 70 40 88 93 69 5 
 40 72 43 47 36 94 39 63 30 14 97 31 67 1 27 90 76 79 38 82 41 25 52 88 18 10 33 42 70 85 34 50 77 8 6 95 13 32 2 4 12 51 28 54 49 9 44 92 17 62 83 96 73 91 86 35 58 11 0 23 78 84 48 71 22 21 87 7 65 98 15 66 53 75 29 99 81 20 37 69 3 64 55 61 16 57 24 45 60 80 59 26 19 56 68 46 74 5 89 93 
 40 72 47 36 94 39 63 30 14 97 37 67 1 27 90 76 79 38 82 88 73 62 52 96 41 91 18 15 25 9 43 50 77 8 31 33 42 70 85 34 6 95 13 32 2 4 12 51 28 54 49 20 44 11 0 23 78 58 86 84 48 71 89 21 87 7 65 98 10 66 53 75 29 99 81 83 92 69 3 64 55 61 16 57 24 19 60 80 59 26 45 56 68 17 35 46 22 5 74 93 
 72 43 47 36 94 39 63 30 14 97 40 92 67 1 27 90 76 79 38 82 44 73 62 25 65 96 41 91 18 15 31 33 42 70 85 34 50 77 8 6 95 13 32 2 4 12 51 28 54 49 9 20 88 11 0 23 78 58 86 84 48 71 22 21 87 7 52 98 10 66 53 75 29 99 81 83 37 69 3 64 55 61 16 57 24 45 60 80 59 26 19 56 68 17 35 46 89 5 74 93 
 40 72 43 47 36 94 39 63 30 14 97 92 67 1 27 90 76 79 38 82 88 73 62 25 52 96 41 91 18 10 31 33 42 70 85 34 50 77 8 6 95 13 32 2 4 12 51 28 54 49 9 83 44 11 0 23 78 58 86 84 48 71 22 21 87 7 65 98 15 66 53 75 29 99 81 20 37 69 3 64 55 61 16 57 24 45 60 80 59 26 19 56 68 17 35 46 74 5 89 93 
 72 36 94 63 30 14 97 67 1 49 88 79 27 38 82 73 52 96 41 91 25 9 43 50 77 39 11 8 6 95 13 32 51 84 2 4 12 28 47 10 15 62 18 23 31 33 42 70 85 34 90 20 0 78 86 48 71 21 87 7 65 98 66 53 75 29 76 44 93 37 58 22 54 99 81 83 92 69 3 64 55 61 16 57 24 45 60 80 59 26 19 56 68 40 17 35 46 89 5 74 
 66 18 65 60 58 73 35 64 3 30 68 72 86 99 32 36 28 45 43 15 25 96 92 62 81 12 29 94 61 74 67 50 8 6 31 78 16 11 40 56 2 13 95 80 44 9 98 17 71 79 34 20 53 39 5 69 90 97 57 70 93 21 89 87 51 77 47 10 52 0 48 23 83 91 37 88 7 75 1 59 14 24 55 82 84 85 42 38 4 49 41 63 54 46 19 76 22 27 33 26 
 66 0 65 98 18 39 67 52 15 64 3 69 68 72 86 99 32 36 28 45 60 25 58 96 22 92 20 71 9 62 81 12 29 4 54 61 56 50 8 6 31 59 16 14 23 17 83 2 13 95 80 44 90 97 57 89 33 7 74 10 51 43 47 77 11 73 79 91 48 75 55 88 41 5 30 46 78 93 21 87 35 37 24 34 82 84 1 94 38 27 85 76 40 70 49 53 63 19 42 26 
 26 0 73 9 18 65 83 98 17 45 84 53 39 29 30 79 64 78 69 87 25 12 1 71 20 16 5 46 37 68 2 13 51 77 47 10 52 62 48 91 50 8 6 31 59 11 56 86 95 58 80 44 90 97 57 89 33 24 60 81 96 43 15 40 75 94 67 61 74 93 35 14 23 28 32 36 72 34 99 38 55 27 85 76 4 70 49 92 3 21 7 88 54 41 63 19 82 42 22 66 
 64 53 27 87 37 5 25 18 74 59 3 30 68 73 56 99 32 96 92 62 36 28 29 40 86 45 20 69 94 1 82 61 93 90 48 67 98 91 50 8 6 31 46 16 12 14 23 17 83 2 13 44 80 95 72 97 57 89 33 7 58 10 51 43 47 77 11 52 84 24 71 0 60 81 65 15 39 79 26 78 21 35 9 88 75 34 55 38 4 70 49 41 63 54 19 85 42 66 76 22 
 66 0 18 65 98 39 67 52 15 64 3 30 68 72 86 99 29 36 28 45 60 25 74 96 22 92 20 71 9 62 81 12 32 4 54 61 56 50 8 6 31 59 16 14 23 17 83 2 13 47 80 44 90 97 57 89 33 7 58 10 51 43 95 77 11 73 79 91 88 46 78 48 37 55 41 5 69 93 21 87 35 75 1 94 24 34 82 84 38 27 85 76 40 70 49 53 63 19 42 26 
 26 0 65 60 39 67 58 73 35 64 3 30 68 72 86 99 32 36 28 45 50 43 18 83 98 17 15 25 74 88 22 92 20 71 9 62 11 12 29 4 54 61 56 8 6 31 59 53 78 69 5 79 1 97 87 37 46 2 13 51 77 47 10 52 48 91 81 95 80 44 90 16 57 89 33 24 96 40 75 94 93 14 23 34 84 38 55 27 85 76 70 49 21 7 41 63 19 82 42 66 
 66 0 18 65 64 39 67 52 15 98 30 68 72 86 99 32 36 28 45 60 25 74 96 59 92 20 83 48 71 9 62 81 12 29 4 54 8 56 50 6 61 33 43 31 22 16 14 23 17 3 2 13 95 80 44 90 97 57 46 91 89 7 79 87 37 58 10 51 47 77 11 73 69 55 88 41 5 78 93 21 35 75 1 94 24 34 82 84 38 27 85 76 40 70 49 53 63 19 42 26 
 66 0 65 98 61 67 33 52 15 64 3 30 68 72 86 99 32 36 28 45 60 5 74 88 22 92 20 71 9 73 18 62 81 12 29 4 54 39 56 50 8 6 31 59 16 14 23 17 83 2 13 95 80 44 90 97 57 46 91 89 7 79 87 37 58 10 51 43 47 77 11 48 55 96 41 25 69 78 21 93 35 75 1 94 24 34 82 84 38 27 85 76 40 70 49 53 63 19 42 26 
 41 53 1 87 37 5 25 18 73 59 72 3 30 86 68 99 32 92 62 36 28 29 39 67 20 69 93 94 61 48 45 98 91 50 8 6 60 78 40 56 2 13 95 80 44 9 16 90 12 14 23 17 83 96 74 97 57 89 33 7 58 10 51 43 47 77 11 52 84 24 71 0 31 81 65 15 79 26 46 21 35 88 75 34 55 82 38 4 70 49 66 63 54 19 85 42 22 27 76 64 
 64 53 27 87 37 5 25 18 72 59 3 30 68 73 86 99 32 96 92 62 36 28 29 40 56 45 20 69 94 1 82 61 93 90 48 67 98 91 50 8 6 31 78 16 12 14 23 17 83 2 13 44 80 95 74 97 57 89 33 7 58 10 51 43 47 77 11 52 84 24 71 0 60 81 65 15 39 79 26 46 21 35 9 88 75 42 55 38 4 70 49 41 63 54 19 85 34 66 76 22 
 66 0 65 98 61 67 33 52 15 64 3 30 68 72 86 99 32 36 28 45 60 25 74 88 22 92 20 71 9 73 18 62 81 12 29 4 54 39 56 50 8 6 31 59 16 14 23 17 83 2 13 95 80 44 90 97 57 46 91 89 7 79 87 37 58 10 51 43 47 77 11 48 55 96 41 5 69 78 21 93 35 75 1 94 24 34 82 84 38 27 85 76 40 70 49 53 63 19 42 26 
 67 0 65 18 73 98 78 52 79 64 3 30 68 72 86 99 32 36 28 45 60 25 74 96 39 66 92 2 88 22 82 20 71 9 62 81 12 29 4 54 26 56 50 8 6 31 59 16 14 23 17 83 13 95 80 44 90 97 57 46 91 89 33 7 58 10 51 43 47 77 11 48 37 55 41 5 69 93 21 87 35 75 1 94 24 34 15 84 38 27 85 76 40 70 49 53 63 19 42 61 
 26 0 73 9 18 65 83 98 59 45 99 53 39 29 35 23 78 69 87 79 12 1 30 20 16 5 46 25 68 2 13 32 62 48 91 50 8 6 31 17 56 86 95 80 44 90 97 57 89 33 60 81 96 15 40 75 94 67 58 10 51 43 47 77 11 52 84 24 71 61 74 93 37 14 64 28 36 72 34 38 55 27 85 76 4 70 49 92 3 21 7 88 54 41 63 19 82 42 22 66 
 84 92 25 18 73 10 83 66 30 64 68 72 86 99 13 40 45 12 1 94 61 29 60 28 31 78 14 76 0 50 8 80 44 98 17 15 53 39 23 69 90 93 21 89 7 97 57 46 52 9 71 87 79 2 65 16 24 56 95 96 62 51 47 43 88 20 67 22 74 48 91 35 32 36 81 6 59 58 34 82 38 77 11 3 5 55 37 75 4 70 49 33 54 41 63 19 85 42 27 26 
 66 53 69 87 37 52 18 73 56 64 3 68 72 86 99 32 36 28 39 29 92 30 5 59 62 45 12 1 94 61 93 74 55 98 91 65 50 8 31 78 16 14 0 48 23 17 83 81 13 95 80 44 90 97 57 89 33 7 54 6 60 2 96 43 15 40 20 58 10 51 47 77 25 11 84 24 71 4 70 49 79 26 46 21 35 9 88 75 34 82 38 67 76 41 63 19 85 42 22 27 
 53 27 87 37 5 39 67 52 15 64 3 30 68 72 86 99 32 36 25 18 59 44 96 92 62 28 29 40 56 45 20 69 94 1 82 61 93 90 48 98 91 50 8 6 31 78 16 12 14 23 17 83 2 13 73 80 77 74 97 57 89 33 7 58 10 51 43 47 95 11 84 24 71 0 60 81 65 79 26 46 21 35 9 88 75 34 55 38 4 70 49 41 63 54 19 85 42 66 76 22 
 66 0 65 18 73 98 78 52 79 64 3 30 68 72 86 99 32 36 28 45 60 25 74 96 39 67 92 2 88 22 82 20 71 9 62 81 12 29 4 54 26 56 50 8 6 31 59 16 14 23 17 83 13 95 80 44 90 97 57 46 91 89 33 7 58 10 51 43 47 77 11 48 37 55 41 5 69 93 21 87 35 75 1 94 24 34 15 84 38 27 85 76 40 70 49 53 63 19 42 61 
 66 0 65 64 94 67 52 3 30 68 72 86 99 32 36 28 45 60 96 20 71 9 18 83 98 17 15 25 74 88 22 92 62 81 12 29 4 54 61 56 50 8 6 31 59 16 14 23 79 2 13 95 80 44 90 97 57 89 33 7 58 10 51 43 47 77 11 73 48 91 37 55 41 5 69 46 78 93 21 87 35 75 1 39 24 34 82 84 38 27 85 76 40 70 49 53 63 19 42 26 
 64 53 27 87 37 5 25 18 74 59 3 30 68 73 56 99 32 96 92 62 36 28 29 40 86 45 20 69 94 1 82 61 93 90 48 67 98 91 50 8 6 31 78 16 12 14 23 17 83 2 13 44 80 95 72 97 57 89 33 7 58 10 51 43 47 77 11 52 84 24 71 0 60 81 65 15 39 79 26 46 21 35 9 88 75 34 55 38 4 70 49 41 63 54 19 85 42 66 76 22 
 66 0 18 65 64 39 67 52 15 98 3 30 68 72 77 99 32 36 28 45 60 25 74 96 22 92 20 71 9 62 81 12 29 4 54 61 56 50 8 6 31 59 16 14 23 17 79 2 13 95 80 44 90 97 57 89 33 7 58 10 51 43 47 86 11 73 83 48 91 37 55 88 41 5 69 46 78 93 21 87 35 75 1 94 24 34 82 84 38 27 85 76 40 70 49 53 63 19 42 26 
 66 0 65 18 73 98 78 52 79 64 3 30 68 72 86 99 32 36 28 45 60 25 74 96 39 67 15 34 88 22 82 20 71 9 62 81 12 29 4 54 26 56 50 8 6 31 59 16 14 23 17 83 13 95 80 44 90 97 57 46 91 89 33 7 58 10 51 43 47 77 11 48 37 55 41 5 69 93 21 87 35 75 1 94 24 2 92 84 38 27 85 76 40 70 49 53 63 19 42 61 
 66 18 65 60 58 73 35 64 3 30 68 72 86 99 32 36 28 45 43 15 25 96 92 62 81 12 29 94 90 74 67 50 8 6 31 78 16 11 40 56 2 13 95 80 44 9 98 17 71 79 61 20 53 39 5 69 55 97 57 46 93 21 89 87 51 77 47 10 52 0 48 23 83 91 37 88 7 75 1 59 14 24 34 82 84 85 42 38 4 49 41 63 54 70 19 76 22 27 33 26 
 66 18 65 60 58 73 91 64 3 30 68 72 86 99 32 36 28 45 43 15 25 96 92 62 81 12 29 94 61 74 67 50 8 6 31 78 16 11 40 56 2 13 95 80 44 9 98 17 71 79 34 20 53 39 5 69 90 97 57 46 93 21 89 87 51 77 47 10 52 0 48 23 83 35 37 88 7 75 1 59 14 24 55 82 84 85 42 38 4 49 41 63 54 70 19 76 22 27 33 26 
 66 0 18 65 64 39 67 52 15 98 3 30 68 72 86 99 32 36 28 45 60 25 74 96 22 92 20 71 9 62 81 12 29 4 54 61 56 50 6 8 33 43 31 59 16 14 23 17 83 2 13 95 80 44 90 97 57 46 91 89 7 79 87 37 58 10 51 47 77 11 73 48 55 88 41 5 69 78 93 21 35 75 1 94 24 34 82 84 38 27 85 76 40 70 49 53 63 19 42 26 
 66 18 65 60 58 73 35 64 3 30 68 72 86 99 32 36 28 45 43 15 25 96 92 62 81 12 29 94 61 74 67 50 8 6 31 78 16 11 40 56 2 13 95 80 44 9 98 17 71 79 34 20 53 39 5 69 90 97 57 46 93 21 89 87 51 77 47 10 52 0 48 23 83 91 37 88 7 75 1 59 14 24 55 82 84 85 42 38 4 49 41 63 54 70 19 76 22 27 33 26 
 84 92 18 73 10 83 48 30 64 68 72 86 99 40 12 1 94 34 33 54 60 25 28 76 0 74 66 45 50 8 6 31 78 22 14 29 2 13 95 80 44 98 17 15 53 39 65 69 90 93 21 89 27 97 57 46 52 9 71 79 87 37 16 24 56 96 62 51 47 43 88 20 67 91 35 32 36 81 23 59 58 61 82 38 77 11 3 5 55 75 4 49 70 41 63 19 85 42 7 26 
 69 53 27 87 37 25 18 73 56 61 40 68 72 86 99 32 36 28 39 29 92 59 96 30 5 66 62 45 12 1 94 64 93 74 67 98 15 50 8 6 31 16 14 23 17 83 2 13 95 80 44 90 97 21 57 89 33 7 54 58 10 51 43 47 77 11 52 48 84 24 71 0 60 81 65 91 3 79 26 46 78 35 9 20 49 70 4 88 75 34 82 38 55 76 41 63 19 85 42 22 
 66 18 65 60 58 73 35 64 3 30 68 72 86 99 32 36 28 11 43 15 25 96 92 62 81 12 29 94 69 74 67 78 16 40 2 4 54 61 14 17 48 91 59 8 6 31 50 45 56 13 95 80 44 9 98 71 79 55 20 53 39 5 90 97 57 46 93 21 89 87 51 77 47 10 52 0 23 83 37 88 41 7 75 1 24 34 82 84 38 85 42 70 49 63 19 76 22 27 33 26 
 41 53 1 87 37 5 25 18 73 59 72 3 30 68 86 99 32 80 92 62 36 28 29 39 56 67 20 69 93 94 61 48 45 98 91 50 8 6 60 78 16 90 12 14 23 17 83 2 13 44 96 95 74 97 57 89 33 7 58 10 51 43 47 77 11 52 84 24 71 0 31 81 65 15 40 79 26 46 21 35 9 88 75 34 55 82 38 4 70 49 66 63 54 19 85 42 22 27 76 64 
 66 0 18 65 64 39 67 52 15 98 3 30 68 72 86 99 32 36 28 45 60 25 74 96 22 92 20 71 9 62 81 12 29 4 54 61 56 50 8 6 31 59 16 14 23 17 79 2 13 95 80 44 90 97 57 89 33 7 58 10 51 43 47 77 11 73 83 48 91 37 55 88 41 5 69 46 78 93 21 87 35 75 1 94 24 34 82 84 38 27 85 76 40 70 49 53 63 19 42 26 
 84 92 25 18 73 10 83 66 30 64 68 72 86 99 40 12 1 94 61 33 54 60 28 76 0 74 48 45 50 8 6 31 78 22 14 29 2 13 95 80 44 98 17 15 53 39 65 69 90 93 21 89 27 97 57 46 52 35 71 79 87 37 16 24 56 96 62 51 47 43 88 20 67 91 9 32 36 81 23 59 58 34 82 38 77 11 3 5 55 75 4 49 70 41 63 19 85 42 7 26 
 64 53 85 87 37 5 25 18 72 59 3 48 68 73 86 99 32 96 92 62 36 28 29 39 56 45 20 69 93 94 61 30 67 98 91 50 8 6 31 78 16 90 12 14 23 17 83 2 13 44 80 95 74 97 57 89 33 24 58 10 51 43 47 77 11 52 84 7 71 0 60 81 65 15 40 79 26 46 21 35 9 88 75 34 55 82 38 4 70 49 19 63 54 41 27 42 1 66 76 22 
 66 18 65 60 58 73 35 64 3 30 68 72 86 99 32 36 28 45 43 15 25 96 92 62 81 12 29 76 54 94 61 74 67 50 8 6 31 78 90 14 40 56 2 13 95 80 44 9 98 17 71 79 55 20 53 39 5 69 16 97 57 46 93 21 89 87 51 77 47 10 52 0 48 23 83 91 37 88 41 7 75 1 59 11 24 34 82 84 38 85 42 4 70 49 63 19 22 27 33 26 
 26 0 65 60 39 67 58 73 35 64 3 30 68 72 86 99 32 36 28 45 50 43 18 83 98 17 15 25 74 88 22 92 20 71 9 62 81 12 29 4 54 61 56 8 6 31 59 53 78 69 5 79 1 16 87 37 46 2 13 51 77 47 10 52 48 91 11 95 80 44 90 97 57 89 33 24 96 40 75 94 93 14 23 34 84 38 55 27 85 76 70 49 21 7 41 63 19 82 42 66 
 66 18 65 60 58 73 35 64 3 30 68 72 86 99 32 36 28 45 43 15 25 96 92 62 81 12 29 4 54 94 69 74 67 50 8 6 31 78 16 14 40 56 2 13 95 80 44 9 98 17 71 79 55 20 53 39 33 61 90 97 57 46 93 21 89 87 51 77 47 10 52 0 48 23 83 91 37 88 41 7 75 1 59 11 24 34 82 84 38 85 42 70 49 63 19 76 22 27 5 26 
 66 53 69 87 37 52 18 73 56 64 3 68 72 86 99 32 36 28 39 29 92 30 5 59 62 45 12 1 94 61 93 74 67 98 91 65 50 8 31 78 16 14 0 48 23 17 83 81 13 95 80 44 90 97 57 89 33 7 54 6 60 2 96 43 15 40 20 58 10 51 47 77 25 11 84 24 71 4 70 49 79 26 46 21 35 9 88 75 34 82 38 55 76 41 63 19 85 42 22 27 
 66 18 65 60 58 73 35 64 3 30 68 72 86 99 32 36 28 45 43 15 25 96 92 62 81 12 29 4 54 94 69 74 67 50 8 6 31 78 16 14 40 56 2 13 95 80 44 9 98 17 71 79 55 20 53 39 5 61 90 97 57 46 93 21 89 87 51 77 47 10 52 0 48 23 83 91 37 88 41 7 75 1 59 11 24 34 82 84 38 85 42 70 49 63 19 76 22 27 33 26 
 66 18 65 60 58 73 35 64 3 30 68 72 86 99 32 36 28 45 43 15 25 96 92 62 81 12 29 94 61 74 67 50 8 6 31 78 16 11 40 56 2 13 95 80 44 9 98 17 71 79 55 20 53 39 5 69 90 97 57 46 93 21 89 87 51 77 47 10 52 0 48 23 83 91 37 88 7 75 1 59 14 24 34 82 84 85 42 38 4 49 41 63 54 70 19 76 22 27 33 26 
 66 18 65 60 58 73 35 64 3 30 68 72 86 99 32 36 28 45 43 15 25 96 92 62 81 12 29 4 54 94 61 74 67 50 8 6 31 78 16 14 40 56 2 13 95 80 44 9 98 17 71 79 55 20 53 39 5 69 90 97 57 46 93 21 89 87 51 77 47 10 52 0 48 23 83 91 37 88 41 7 75 1 59 11 24 34 82 84 38 85 42 70 49 63 19 76 22 27 33 26 
 71 97 38 58 20 4 75 94 66 18 98 45 82 16 93 90 44 56 11 26 78 92 15 51 86 9 5 79 96 84 70 28 39 53 49 57 52 12 1 29 40 72 2 99 80 23 0 60 47 43 32 67 61 37 22 34 54 14 46 30 19 13 59 76 91 68 7 27 42 33 24 85 55 87 25 64 69 3 74 21 89 31 95 81 50 10 83 48 62 73 35 65 17 6 8 77 36 63 88 41 
 1 72 13 31 14 12 24 38 40 2 47 77 36 99 51 80 29 22 97 16 93 23 73 92 98 28 45 84 34 4 75 94 49 87 54 11 85 57 63 78 52 39 60 62 15 10 20 71 81 43 86 0 79 59 5 55 25 65 76 90 89 74 91 9 83 35 88 68 7 27 42 46 30 37 70 33 82 61 19 26 56 32 95 67 18 64 69 21 96 3 44 50 17 48 6 8 41 66 53 58 
 63 13 4 40 47 51 36 28 25 84 11 86 91 18 78 46 31 44 35 9 52 23 59 38 75 1 67 97 92 19 8 80 43 68 29 72 49 94 88 7 93 37 98 27 22 34 61 56 32 99 14 53 24 54 6 77 12 85 42 70 76 82 0 41 5 90 71 55 87 57 39 60 65 45 64 20 69 3 30 74 21 89 16 33 95 81 50 10 83 48 62 73 96 66 79 15 17 58 2 26 
 13 4 12 40 47 51 36 28 45 84 11 86 91 18 78 46 44 35 9 98 23 59 38 22 14 97 92 19 82 8 43 68 75 1 67 29 72 49 94 88 7 93 52 37 27 63 34 61 56 32 53 24 54 6 77 99 85 42 76 48 0 41 5 90 71 55 87 57 39 60 65 25 64 69 31 81 70 3 66 74 21 89 16 33 95 80 50 10 83 62 73 96 20 30 79 15 17 58 2 26 
 77 4 12 40 47 51 36 28 70 45 84 11 86 91 18 78 48 46 31 44 35 9 37 23 59 38 75 1 67 97 19 82 8 80 43 72 29 68 49 94 88 7 93 52 98 27 33 76 22 34 61 56 32 53 24 54 99 13 6 85 42 63 14 0 41 5 90 71 55 87 57 39 60 65 25 64 69 3 30 74 21 89 16 92 95 81 50 10 83 62 73 96 79 66 20 15 17 58 2 26 
 71 31 24 27 77 36 12 5 33 97 16 93 90 73 58 20 82 4 75 94 1 88 59 18 98 28 45 84 53 11 26 49 57 21 78 52 39 92 44 15 10 51 86 81 76 9 29 40 72 2 99 80 23 0 60 47 43 32 67 61 55 79 68 22 34 54 14 89 46 30 19 13 56 96 35 3 62 69 83 91 64 38 42 70 85 37 87 74 50 95 65 17 25 48 6 8 63 66 41 7 
 71 74 24 38 77 36 5 97 16 58 82 4 75 94 1 88 68 35 93 90 69 79 3 73 59 18 98 28 45 84 53 11 26 49 57 21 78 52 39 92 44 15 10 51 86 81 12 9 29 40 72 2 99 80 23 0 60 47 43 32 76 61 37 22 34 54 14 89 46 30 19 13 56 67 91 27 42 70 85 55 87 65 17 48 6 8 25 64 31 33 95 50 83 62 96 20 66 63 41 7 
 31 22 13 4 19 40 47 51 36 28 45 84 11 86 91 18 78 46 44 35 9 98 23 59 38 97 92 99 14 8 80 43 68 75 1 67 29 72 49 94 88 7 93 52 37 27 63 34 61 56 32 53 24 54 6 77 12 85 42 70 76 82 0 41 5 90 71 55 87 57 39 60 65 25 64 20 66 69 3 30 74 21 89 16 33 95 81 50 10 83 48 62 73 96 79 15 17 58 2 26 
 71 76 35 62 58 20 97 82 1 38 70 64 5 4 75 94 16 33 93 90 69 79 3 73 59 18 98 28 45 84 53 11 26 49 57 21 78 52 39 92 44 15 81 51 86 10 12 9 29 40 72 2 99 80 23 0 60 47 43 32 67 61 37 22 34 54 14 89 46 30 19 13 56 96 83 91 68 7 27 42 88 74 24 85 55 87 31 50 95 65 17 25 48 36 6 8 77 63 66 41 
 71 31 14 24 38 77 36 30 12 5 33 97 16 93 90 73 58 20 82 4 75 94 1 88 59 18 98 28 45 84 53 11 26 49 57 21 78 52 39 92 44 15 10 51 86 81 76 9 29 40 72 2 99 80 23 0 60 47 43 32 67 61 55 22 79 68 35 3 34 54 89 46 19 13 56 62 69 96 83 91 64 27 42 70 85 37 87 74 50 95 65 17 25 48 6 8 63 66 41 7 
 77 63 4 12 40 47 51 36 28 70 45 84 11 86 91 18 78 48 46 20 44 35 9 37 23 59 38 75 92 19 82 8 80 43 68 53 1 67 29 72 97 49 94 88 7 93 52 98 27 22 34 61 56 32 24 54 99 13 6 85 42 76 14 0 41 5 90 71 55 87 57 39 60 65 25 64 69 3 30 74 21 89 16 33 95 81 50 10 83 62 73 96 79 66 31 15 17 58 2 26 
 71 97 31 12 24 38 76 58 20 4 75 94 53 1 93 90 88 79 73 18 98 64 69 16 84 11 26 49 57 21 78 52 39 92 44 15 10 35 86 81 51 9 5 59 3 77 62 45 29 40 72 2 99 80 23 0 60 47 43 32 67 61 46 22 34 54 14 89 37 30 19 13 56 96 83 91 68 82 7 27 42 33 70 85 55 87 74 50 95 65 17 25 48 28 36 6 8 63 66 41 
 12 38 97 24 71 17 76 58 20 4 75 94 1 93 90 88 79 73 18 98 64 69 16 84 11 26 53 49 57 21 78 52 39 92 44 15 10 35 86 81 51 9 5 59 3 77 62 45 29 40 72 2 99 80 23 0 60 47 43 32 67 61 37 22 34 54 14 89 46 30 19 13 56 96 83 91 68 82 7 27 42 33 70 85 55 87 66 50 95 65 31 25 48 28 36 6 8 63 74 41 
 4 12 40 47 51 36 28 45 84 11 86 91 18 78 52 63 77 48 46 31 44 35 9 37 23 59 38 75 1 67 97 92 19 82 8 80 43 68 29 72 49 94 88 7 93 15 98 27 22 34 61 56 32 53 24 54 99 13 6 85 42 76 14 0 41 5 90 70 71 55 87 57 39 60 25 64 69 3 30 74 21 89 16 33 95 81 50 10 83 62 73 96 20 66 79 65 17 58 2 26 
 71 26 76 31 62 58 20 97 82 38 70 5 78 92 86 16 93 90 69 73 56 36 81 12 11 29 40 2 99 80 23 0 4 75 94 1 88 79 68 98 64 84 45 39 53 49 57 21 52 9 72 59 44 15 10 51 3 60 47 43 32 67 61 37 22 34 54 14 89 46 30 19 13 96 48 91 18 7 27 42 33 74 24 85 55 87 35 65 83 50 95 17 25 6 8 77 28 63 66 41 
 26 81 31 12 24 38 40 2 47 77 36 99 51 80 76 78 29 97 93 86 73 92 58 20 82 4 75 94 1 88 79 18 98 68 84 45 11 53 49 52 67 59 44 15 35 9 23 43 32 72 61 34 22 37 54 46 19 13 56 62 96 91 14 0 41 5 90 71 55 87 57 39 60 65 25 64 69 3 30 74 21 89 16 33 95 27 42 70 85 50 10 83 17 48 28 6 8 63 66 7 
 71 26 96 58 20 97 82 88 38 70 11 5 78 92 15 51 86 4 75 94 16 9 79 90 93 44 56 18 98 28 45 84 39 53 49 57 52 12 1 29 40 72 2 99 80 23 0 60 47 43 32 67 61 37 22 34 54 14 46 30 19 13 59 76 91 68 7 27 42 33 24 85 55 87 25 64 69 3 74 21 89 31 95 81 50 10 83 48 62 73 35 65 17 6 8 77 36 63 66 41 
 71 97 17 12 24 38 76 58 20 4 75 94 1 93 90 88 79 73 18 98 64 69 16 84 11 26 53 49 57 21 78 52 39 92 44 15 10 35 86 81 51 9 5 59 3 77 62 45 29 40 72 2 99 80 23 0 60 47 43 32 67 61 37 22 34 54 14 89 46 30 19 13 56 96 83 91 68 82 7 27 42 33 70 85 55 87 74 50 95 65 31 25 48 28 36 6 8 63 66 41 
 1 72 26 31 14 12 24 38 40 2 47 77 36 99 51 80 29 22 97 93 23 92 98 28 45 84 34 4 75 94 49 54 11 85 63 78 52 15 43 86 0 59 76 91 9 64 88 68 7 27 42 46 37 70 82 61 19 13 56 32 67 18 44 17 48 5 90 71 55 87 57 39 60 65 25 35 69 3 30 74 21 89 16 33 95 81 50 10 83 62 73 96 79 66 20 6 8 41 53 58 
 71 26 31 14 12 24 38 40 2 47 77 36 99 51 80 76 5 78 29 97 16 93 90 86 73 92 58 82 4 75 94 1 88 18 98 68 84 45 11 53 49 57 52 28 72 59 44 60 35 9 23 0 43 32 67 61 37 22 34 54 46 19 13 56 91 27 42 70 85 55 87 65 17 48 39 6 8 25 64 69 3 30 74 21 89 33 95 81 50 10 83 62 96 20 66 79 15 63 41 7 
 63 77 4 12 40 47 51 36 28 70 45 84 11 86 91 18 78 48 46 31 44 35 9 37 23 59 38 75 32 67 97 92 19 82 8 80 43 68 29 72 49 94 88 7 93 52 98 27 22 34 61 56 1 53 24 54 99 13 6 85 42 76 14 0 41 5 90 71 55 87 57 39 60 65 25 64 69 3 30 74 21 89 16 33 95 81 50 10 83 62 73 96 20 66 79 15 17 58 2 26 
 63 13 4 12 40 47 51 36 28 70 45 84 11 20 86 91 18 78 46 37 44 35 9 31 23 59 38 75 1 67 97 92 19 82 8 80 43 68 29 72 49 94 88 7 93 52 98 27 22 34 61 56 32 53 24 54 99 77 6 85 42 76 14 0 41 5 90 71 55 87 57 39 60 65 25 64 69 3 30 74 21 89 16 33 95 81 50 10 83 48 62 73 96 66 79 15 17 58 2 26 
 13 4 12 32 47 51 36 28 45 84 11 86 91 18 78 46 16 22 35 9 98 23 59 38 44 14 21 97 92 19 82 8 80 43 68 53 1 67 29 72 49 94 88 93 52 37 63 34 61 56 40 75 24 54 6 77 99 85 42 76 70 0 41 5 90 71 7 27 55 87 57 39 60 65 25 64 69 3 30 74 89 31 33 95 81 50 10 83 48 62 73 96 20 66 79 15 17 58 2 26 
 63 77 4 12 40 47 51 36 28 70 45 84 11 86 91 18 78 48 46 20 44 35 9 37 23 59 38 75 1 67 97 92 19 82 8 80 43 68 29 72 49 94 88 7 93 52 98 27 22 34 61 56 32 53 24 54 99 13 6 85 42 76 14 0 41 5 90 71 55 87 57 39 60 65 25 64 69 3 30 74 21 89 16 33 95 81 50 10 83 62 73 96 79 66 31 15 17 58 2 26 
 71 31 14 24 38 77 36 30 76 5 33 97 16 93 90 73 58 20 82 4 75 94 1 88 59 18 98 28 45 84 53 11 26 49 57 21 78 52 39 92 44 15 10 51 86 81 12 9 29 40 72 2 99 13 23 0 60 47 43 32 67 61 55 22 79 68 35 3 34 54 89 46 19 80 56 62 69 96 83 91 64 27 42 70 85 37 87 74 50 95 65 17 25 48 6 8 63 66 41 7 
 13 4 12 40 47 51 36 28 45 84 11 86 91 18 78 46 16 22 35 9 98 23 59 38 44 14 21 97 92 19 82 8 80 43 68 53 1 67 29 72 49 94 88 93 52 37 63 34 61 56 32 75 24 54 6 77 99 85 42 76 70 0 41 5 90 71 7 27 55 87 57 39 60 65 25 64 69 3 30 74 89 31 33 95 81 50 10 83 48 62 73 96 20 66 79 15 17 58 2 26 
 13 4 12 40 47 51 36 28 45 84 11 86 91 18 78 46 16 44 35 9 98 23 59 38 22 14 21 97 92 19 82 8 80 43 68 75 1 67 29 72 49 94 88 7 93 52 37 27 63 34 61 56 32 53 24 54 6 77 99 85 42 76 70 0 41 5 90 71 55 87 57 39 60 65 25 64 69 3 30 74 89 31 33 95 81 50 10 83 48 62 73 96 20 66 79 15 17 58 2 26 
 71 31 14 24 38 77 36 30 76 5 33 97 16 93 90 73 58 20 82 4 75 94 1 88 59 18 98 28 45 84 53 11 26 49 57 21 78 52 39 92 44 15 10 51 86 81 12 9 29 40 72 2 99 80 23 0 60 47 43 32 67 61 55 22 79 68 35 3 34 54 89 46 19 13 56 62 69 96 83 91 64 27 42 70 85 37 87 74 50 95 65 17 25 48 6 8 63 66 41 7 
 71 97 31 12 24 38 40 47 72 58 20 4 75 94 53 1 88 18 98 64 45 82 16 93 90 69 19 44 73 56 11 26 49 57 21 78 52 39 92 15 51 86 81 35 9 76 2 99 80 77 23 5 46 0 60 62 43 32 29 67 61 37 22 34 54 14 89 30 79 13 59 96 3 84 91 68 7 27 42 33 70 85 55 87 74 50 95 10 83 65 17 25 48 28 36 6 8 63 66 41 
 71 97 31 12 24 57 58 20 4 75 94 53 1 88 93 90 76 79 89 18 98 64 69 16 84 11 26 49 38 21 78 52 39 92 44 15 10 35 86 81 51 9 5 59 3 77 62 45 29 40 72 2 99 80 23 0 60 47 43 32 67 61 37 22 34 54 14 73 46 30 19 13 56 96 83 91 68 82 7 27 42 33 70 85 55 87 74 50 95 65 17 25 48 28 36 6 8 63 66 41 
 63 77 4 12 40 47 51 36 28 70 45 84 11 86 91 18 78 48 46 31 44 35 9 37 23 59 38 75 1 67 97 92 19 82 8 80 43 68 29 72 49 94 88 7 93 52 98 27 22 34 61 56 32 53 24 54 99 13 6 85 42 76 14 0 41 5 90 71 55 87 57 39 60 65 25 64 69 3 30 74 21 89 16 33 95 81 50 10 83 62 73 96 79 66 20 15 17 58 2 26 
 71 26 81 31 14 12 24 38 40 2 47 77 36 99 51 80 30 76 5 78 33 29 97 16 93 90 86 73 92 58 20 82 4 75 94 1 88 69 18 98 68 84 45 11 53 49 21 57 52 39 72 59 44 15 10 60 35 9 23 0 3 43 32 67 61 37 22 34 54 89 46 19 13 56 62 79 96 83 91 64 27 42 70 85 55 87 74 50 95 65 17 25 48 28 6 8 63 66 41 7 
 71 97 31 12 24 57 58 20 4 75 94 53 1 88 93 90 76 79 73 18 98 64 69 16 84 11 26 49 38 21 78 52 39 92 44 15 10 35 86 81 51 9 5 59 3 77 62 45 29 40 72 2 99 80 23 0 60 47 43 32 67 61 37 22 34 54 14 89 46 30 19 13 56 96 83 91 68 82 7 27 42 33 70 85 55 87 74 50 95 65 17 25 48 28 36 6 8 63 66 41 
 71 26 81 31 14 12 24 38 40 2 47 77 36 99 51 80 30 76 5 78 33 29 97 16 93 90 86 73 92 58 20 82 4 75 94 1 88 79 18 98 68 84 45 11 53 49 21 57 52 39 72 59 44 15 10 60 35 9 23 0 3 43 32 67 61 37 22 34 54 89 46 19 13 56 62 69 96 83 91 64 27 42 70 85 55 87 74 50 95 65 17 25 48 28 6 8 63 66 41 7 
 46 28 31 12 40 2 47 72 58 20 82 75 94 49 69 93 90 88 79 3 73 56 18 98 97 41 16 24 64 45 84 11 26 53 57 21 78 52 39 92 44 15 10 51 86 81 35 9 99 80 23 0 60 62 43 32 1 67 29 37 4 5 34 54 14 89 38 30 19 13 59 65 83 91 68 7 27 42 33 71 70 85 55 87 74 48 50 95 96 17 76 22 25 6 8 77 36 63 61 66 
 58 72 26 31 14 12 24 38 40 2 47 77 36 51 80 29 22 97 16 93 86 73 92 98 45 84 34 4 75 94 49 87 88 54 11 85 57 63 78 59 39 60 62 15 10 20 71 81 43 23 0 79 52 5 46 30 64 3 65 50 76 90 89 74 35 9 37 82 61 19 13 56 96 83 91 68 7 27 42 33 70 99 32 95 67 18 55 69 21 17 25 48 28 6 8 44 41 66 53 1 
 71 76 35 62 58 20 97 82 88 38 70 64 5 4 75 94 16 1 93 90 69 79 3 73 59 18 98 28 45 84 53 11 26 49 57 21 78 52 39 92 44 15 10 51 86 81 12 9 29 40 72 2 99 80 23 0 60 47 43 32 67 61 37 22 34 54 14 89 46 30 19 13 56 96 83 91 68 7 27 42 33 74 24 85 55 87 31 65 48 50 95 17 25 6 8 77 36 63 66 41 
 76 12 47 58 20 24 4 75 88 97 16 82 1 90 94 53 79 3 73 18 98 40 29 64 48 84 11 26 49 57 21 78 52 39 92 44 15 10 51 86 35 9 72 2 99 80 77 23 0 60 62 43 67 61 37 22 34 54 14 46 30 19 13 59 96 91 68 27 42 33 74 70 85 55 87 38 50 65 41 5 7 71 89 31 8 81 95 83 56 32 69 93 17 25 45 28 36 6 63 66 
 51 75 86 2 91 62 35 23 52 3 25 64 9 84 49 38 70 79 88 17 69 21 71 93 56 80 5 46 27 89 24 1 53 68 43 63 60 57 82 29 22 92 11 39 65 96 15 58 16 97 33 54 19 73 83 10 66 34 61 67 32 12 14 0 30 41 74 37 55 78 98 87 20 36 81 77 99 47 28 40 45 13 7 18 48 26 8 50 31 76 85 42 4 94 72 44 90 6 59 95 
 51 95 14 91 62 44 35 9 52 3 25 98 23 84 49 38 7 79 88 17 69 21 71 6 56 80 5 46 29 27 89 24 1 53 68 39 43 63 60 20 22 92 11 82 65 96 15 58 16 97 33 54 19 73 83 78 66 34 61 67 32 86 64 0 30 41 74 37 55 10 76 26 75 70 28 12 36 81 47 77 99 40 45 13 18 48 8 50 31 85 42 4 94 72 90 93 87 57 59 2 
 51 75 86 2 91 62 78 23 52 3 25 64 9 84 49 38 7 79 88 17 69 21 71 93 31 5 46 29 27 89 24 1 53 68 43 63 57 82 6 28 22 92 56 80 60 11 39 65 96 15 58 16 97 33 54 19 73 83 10 66 34 61 67 32 12 14 0 30 41 74 37 55 35 98 87 20 36 81 77 99 47 40 45 13 70 18 48 26 8 50 76 85 42 4 94 72 44 90 59 95 
 51 75 86 2 91 62 35 23 52 3 25 98 9 84 49 38 7 79 88 17 69 21 71 93 56 80 5 34 29 27 89 24 1 53 68 39 43 63 60 57 22 92 11 82 65 96 15 58 16 97 33 54 19 73 83 10 66 46 61 67 32 13 14 0 30 41 74 37 55 78 64 87 20 36 81 77 99 47 28 40 45 12 70 18 48 26 8 50 31 76 85 42 4 94 72 44 90 6 59 95 
 51 1 75 95 43 56 98 25 15 17 23 88 79 49 67 86 44 16 57 22 92 83 10 34 46 55 62 78 69 64 65 96 7 91 63 76 66 87 52 21 93 71 35 27 59 73 60 80 68 84 29 0 74 85 97 82 54 19 2 33 38 30 53 39 12 41 89 37 9 20 36 81 77 99 47 28 40 45 13 70 6 11 18 3 26 8 50 31 48 58 14 42 4 32 94 72 24 5 90 61 
 51 86 91 62 35 23 52 3 25 64 87 93 69 21 5 67 29 1 63 46 39 49 38 7 79 17 78 88 20 68 57 76 22 92 11 60 15 98 9 96 75 70 34 61 82 55 27 66 83 10 65 16 97 33 54 19 80 43 6 28 12 14 0 30 58 2 71 89 48 8 77 84 41 74 37 24 32 36 81 18 13 47 99 56 40 45 73 50 31 26 85 42 4 94 72 44 90 53 59 95 
 51 86 2 91 62 64 7 14 35 52 84 78 53 88 69 71 76 67 12 79 21 68 22 27 89 63 97 41 59 92 11 60 8 15 98 9 96 75 70 49 33 34 61 82 38 55 16 1 66 23 83 10 65 80 32 43 17 28 5 20 54 19 26 58 30 74 37 24 6 77 36 81 47 99 40 45 13 73 18 3 25 39 50 31 48 0 57 85 42 4 94 72 44 90 93 87 46 29 56 95 
 51 12 2 44 91 62 35 23 52 3 25 98 86 84 49 38 7 79 88 17 69 21 71 93 1 53 56 80 6 5 46 29 27 89 24 68 39 43 63 60 20 22 92 11 82 65 96 15 58 16 97 33 54 19 73 83 10 66 34 61 67 32 9 14 0 30 41 74 37 55 78 64 87 57 36 81 77 99 47 70 75 72 28 40 45 13 18 48 8 26 50 31 76 85 42 4 94 90 59 95 
 39 86 2 65 62 78 16 19 79 66 30 23 52 87 93 69 21 7 76 5 67 29 1 63 46 85 92 11 60 25 15 98 9 96 75 70 49 34 61 82 38 33 27 58 35 44 68 54 89 88 55 97 57 53 22 14 64 80 83 10 95 43 6 17 28 51 91 12 84 41 74 37 24 32 36 81 18 13 47 99 56 40 45 77 73 3 26 8 50 31 48 20 71 42 4 94 90 72 0 59 
 51 1 75 95 43 56 98 25 15 17 23 20 88 79 49 67 86 44 16 57 22 92 83 10 34 46 55 62 78 69 64 65 96 7 91 63 76 66 87 52 93 71 35 73 59 24 60 80 68 84 29 0 89 85 97 82 54 19 2 33 38 30 53 39 12 41 74 37 9 21 36 81 77 99 47 28 40 45 13 70 6 11 18 3 26 8 50 31 48 58 14 42 4 32 94 72 27 5 90 61 
 86 2 95 62 78 16 7 79 66 53 30 23 52 87 37 93 69 90 58 76 67 29 1 63 46 22 92 11 60 25 15 98 9 44 68 96 39 54 19 88 55 27 33 61 97 57 0 35 64 70 49 89 80 83 10 65 43 6 17 28 51 13 91 12 14 40 34 84 5 41 74 38 24 32 36 81 18 47 99 56 45 77 73 3 26 8 50 31 48 20 71 85 42 4 94 75 21 82 72 59 
 51 86 2 91 62 44 35 23 52 3 25 98 9 84 49 38 7 79 88 17 69 21 71 93 31 5 46 29 27 89 24 1 53 68 43 63 57 82 6 28 22 92 11 60 65 96 20 58 16 97 33 54 19 70 83 10 66 34 61 67 32 12 14 0 30 41 74 37 55 78 64 87 15 36 81 77 99 47 40 45 13 73 18 48 8 26 39 50 59 76 85 42 75 72 56 80 4 94 90 95 
 86 2 95 62 78 16 7 79 66 53 30 23 52 87 37 93 69 90 58 76 67 29 1 63 46 22 92 11 60 25 15 98 9 44 68 96 39 54 89 88 55 27 33 61 97 57 0 35 64 70 49 19 80 83 10 65 43 6 17 28 51 13 91 12 14 40 34 84 5 41 74 38 24 32 36 81 18 47 99 56 45 77 73 3 26 8 50 31 48 20 71 85 42 4 94 75 21 82 72 59 
 51 86 2 91 62 52 84 78 53 61 22 12 16 63 41 59 21 7 76 5 67 29 88 92 25 60 8 15 98 9 96 75 70 49 34 69 87 79 66 23 38 55 27 58 35 44 68 54 89 1 33 97 57 14 64 80 83 10 65 32 43 17 28 20 19 26 30 74 37 24 6 77 36 81 47 99 40 45 13 73 18 3 11 39 50 31 48 0 71 85 42 4 94 72 90 93 82 46 56 95 
 51 86 91 62 64 7 52 17 37 79 88 69 21 71 97 67 29 1 63 53 60 25 15 98 9 96 75 80 5 46 68 28 6 24 27 49 33 82 38 55 16 66 23 83 10 65 32 43 20 22 58 73 35 92 48 72 44 57 11 18 3 54 19 34 61 12 14 0 30 41 74 78 87 89 36 81 77 99 47 40 45 13 70 2 84 26 8 39 50 31 76 85 42 4 94 90 93 59 56 95 
 51 86 91 62 64 7 52 17 78 79 88 69 21 20 68 53 76 5 67 29 1 63 46 22 92 11 60 25 15 98 9 96 75 70 49 34 61 82 38 55 27 66 23 83 10 65 16 97 33 54 19 80 43 6 35 28 12 14 0 30 58 2 3 71 89 48 8 77 84 41 74 37 24 32 36 81 18 13 47 99 56 40 45 39 73 50 31 26 85 42 4 94 72 44 90 93 87 57 59 95 
 51 86 2 91 62 64 7 52 17 84 78 79 88 69 21 20 68 44 76 5 67 29 1 63 46 22 92 11 26 25 15 98 9 96 75 70 49 34 61 82 38 55 27 66 23 83 10 65 16 97 33 54 19 80 32 43 6 35 71 24 28 12 14 0 30 41 74 37 58 36 81 47 77 99 40 45 13 73 18 3 89 48 56 8 39 50 31 60 85 42 4 94 72 53 90 93 87 57 59 95 
 51 86 45 91 76 62 35 23 52 3 25 98 9 84 49 38 7 79 88 1 53 17 69 21 71 93 56 80 5 46 29 27 89 24 68 39 43 63 60 57 22 92 11 82 65 96 15 58 16 97 33 54 19 73 83 10 66 34 61 67 32 36 14 0 30 41 74 37 55 78 64 87 20 12 81 77 99 47 28 40 2 13 70 18 48 26 75 6 8 50 31 85 42 4 94 72 44 90 59 95 
 51 86 2 91 62 52 84 78 53 69 22 12 16 63 41 59 21 7 76 5 67 29 88 92 25 60 8 15 98 9 96 75 70 49 34 61 87 79 66 23 38 55 27 58 35 44 68 54 89 1 33 97 57 14 64 80 83 10 65 32 43 17 28 20 19 26 30 74 37 24 6 77 36 81 47 99 40 45 13 73 18 3 11 39 50 31 48 0 71 85 42 4 94 72 90 93 82 46 56 95 
 51 86 2 91 62 52 84 78 53 69 22 76 67 12 79 21 29 63 41 59 92 25 60 8 15 98 9 96 75 70 49 34 61 87 1 38 55 58 35 44 68 89 27 66 23 83 10 65 16 97 33 54 7 57 14 64 88 80 32 43 17 28 5 20 19 26 30 74 37 24 6 77 36 81 47 99 40 45 13 73 18 3 11 39 50 31 48 0 71 85 42 4 94 72 90 93 82 46 56 95 
 51 86 2 28 91 62 35 23 52 3 25 98 9 84 49 38 7 79 88 17 69 21 71 1 53 5 6 56 80 96 68 32 29 24 27 89 73 63 82 57 92 11 60 65 15 58 16 97 33 54 19 44 83 10 66 75 70 34 61 67 36 14 0 30 41 74 37 55 78 64 20 12 81 77 99 47 40 45 13 43 18 48 8 39 76 50 31 85 42 4 94 72 26 90 93 87 46 22 59 95 
 51 86 2 91 62 44 35 23 52 3 25 98 9 84 49 38 7 79 88 17 69 21 71 93 26 80 5 46 29 27 89 24 1 53 68 39 43 63 60 57 22 92 11 82 65 96 15 58 16 97 33 54 19 73 83 10 66 34 61 67 32 12 14 0 30 41 74 37 6 28 70 75 72 55 78 64 87 20 36 81 77 99 47 40 45 13 18 48 8 56 50 31 76 85 42 4 94 90 59 95 
 86 2 95 51 76 79 66 23 52 93 69 21 53 5 67 29 1 63 46 85 92 11 60 25 15 98 9 96 75 70 49 34 61 82 38 27 58 35 44 68 54 89 88 33 97 57 7 80 83 65 43 6 17 16 24 19 14 28 12 36 47 40 45 0 30 41 74 37 55 78 64 87 20 91 81 77 99 84 32 13 10 56 73 3 18 48 39 26 8 50 31 62 71 22 42 4 94 90 72 59 
 51 86 95 91 62 64 7 52 17 84 76 79 88 69 21 20 68 53 78 5 67 29 1 63 46 22 92 25 15 98 9 96 75 70 49 34 61 58 38 55 27 66 23 83 10 65 16 97 33 54 19 80 32 43 35 28 12 14 41 82 89 56 8 60 44 26 30 74 37 24 6 77 36 81 47 99 40 45 13 73 18 3 11 39 50 31 48 0 71 85 42 4 94 72 90 93 87 57 59 2 
 51 86 95 91 62 64 7 52 17 84 76 79 88 69 21 20 68 53 78 5 67 29 1 63 46 22 92 11 26 25 15 98 9 96 75 70 49 34 61 82 38 55 27 66 23 83 18 65 16 97 33 54 19 80 32 43 6 35 71 24 28 12 14 0 30 41 74 37 58 36 81 47 77 99 40 45 13 73 10 3 89 48 56 8 39 50 31 60 85 42 4 94 72 44 90 93 87 57 59 2 
 51 86 2 91 62 44 35 23 52 3 25 98 9 40 49 38 7 79 88 1 53 17 69 21 71 57 56 80 5 46 68 28 6 24 27 89 39 63 82 29 22 92 11 60 65 96 15 58 16 97 33 54 19 70 83 10 66 34 61 20 75 72 67 32 14 0 30 41 74 37 55 78 64 87 12 36 81 77 99 47 84 45 13 73 18 48 8 26 43 50 31 76 85 42 4 94 90 93 59 95 
 51 86 2 91 62 44 35 52 3 25 23 98 9 84 49 38 7 79 88 1 53 17 69 21 71 6 56 66 5 46 29 24 27 89 63 57 61 92 11 60 65 96 15 58 16 97 33 70 83 10 80 59 22 75 72 67 68 32 43 20 82 54 19 28 14 0 30 41 74 37 55 78 64 87 12 36 81 77 99 47 40 45 13 18 48 8 26 39 50 73 31 76 85 42 4 94 90 93 34 95 
 51 86 2 91 62 44 35 23 52 3 25 98 9 84 49 38 7 79 88 1 53 17 69 21 71 57 56 80 5 46 68 28 6 24 27 89 39 63 82 29 22 92 11 60 65 96 15 58 16 97 33 54 19 70 83 10 66 34 61 20 75 72 67 32 14 0 30 41 74 37 55 78 64 87 12 36 81 77 99 47 40 45 13 73 18 48 8 26 43 50 31 76 85 42 4 94 90 93 59 95 
 39 86 2 95 62 78 16 5 30 52 87 93 69 90 49 38 7 79 88 1 53 58 76 35 67 29 63 46 22 92 11 26 25 15 98 9 96 75 70 34 61 82 55 27 66 23 83 44 68 54 24 33 97 57 0 14 64 19 80 10 65 43 6 17 60 28 51 91 13 32 12 84 41 21 37 89 45 81 18 47 99 56 40 36 77 73 3 8 50 31 48 20 71 85 42 4 94 74 72 59 
 51 86 99 91 62 64 7 52 17 84 78 79 88 69 21 20 68 53 76 5 67 29 1 63 46 22 92 11 60 25 15 98 9 96 75 24 49 34 61 82 38 55 27 66 23 83 10 65 16 97 33 54 19 80 32 43 6 71 70 28 12 14 0 30 41 74 37 58 36 81 47 77 2 40 45 13 73 18 3 35 89 48 56 8 39 50 31 26 85 42 4 94 72 44 90 93 87 57 59 95 
 51 86 95 91 62 64 7 52 17 84 78 79 88 69 21 20 68 53 76 5 67 29 1 63 46 22 92 11 26 25 15 98 9 96 75 70 49 34 61 82 38 55 27 66 23 83 10 65 16 97 33 54 19 80 32 43 6 35 71 24 28 12 14 0 30 41 74 37 58 36 81 47 77 99 40 45 13 73 18 3 89 48 56 8 39 50 31 60 85 42 4 94 72 44 90 93 87 57 59 2 
 51 86 2 28 62 35 23 52 3 25 98 9 84 38 7 79 88 1 53 5 69 21 71 6 56 80 96 68 32 29 24 27 89 43 63 82 57 92 11 60 65 17 15 58 16 97 49 33 54 19 44 83 10 66 75 70 34 61 67 36 14 0 30 41 74 37 55 78 64 20 12 81 77 99 47 40 45 13 73 18 48 8 91 39 76 50 31 85 42 4 94 72 26 90 93 87 46 22 59 95 
 51 75 86 2 91 62 35 23 52 3 25 64 9 84 49 38 7 79 88 17 69 21 71 93 56 80 5 46 27 89 24 1 53 68 43 63 60 57 82 29 22 92 11 39 65 96 15 58 16 97 33 54 19 73 83 10 66 34 61 67 32 12 14 0 30 41 74 37 55 78 98 87 20 36 81 77 99 47 28 40 45 13 70 18 48 26 8 50 31 76 85 42 4 94 72 44 90 6 59 95 
 51 86 2 91 62 44 35 23 52 3 25 98 9 84 49 38 7 79 88 1 53 17 69 21 71 6 56 80 5 46 68 28 57 24 27 89 39 63 82 29 22 92 11 60 65 96 15 58 16 97 33 54 19 70 13 10 66 34 61 20 75 72 67 32 14 0 30 41 74 37 55 78 64 87 12 36 81 77 99 47 40 45 83 73 18 48 8 26 43 50 31 76 85 42 4 94 90 93 59 95 
 51 86 99 91 62 64 7 52 17 84 78 79 88 69 21 20 68 53 76 5 67 29 1 63 46 22 92 11 60 25 15 98 9 96 75 70 49 34 61 82 38 55 27 66 23 83 10 65 16 97 33 54 19 80 32 43 6 35 24 28 12 14 0 30 41 74 37 58 36 81 47 77 2 40 45 13 73 18 3 71 89 48 56 8 39 50 31 26 85 42 4 94 72 44 90 93 87 57 59 95 
 51 86 99 91 62 64 7 52 17 84 78 79 88 69 21 20 68 53 76 5 67 29 1 63 46 22 92 11 60 25 15 98 9 96 75 70 49 34 61 82 38 55 27 66 23 83 10 65 16 97 33 54 19 80 32 43 6 71 24 28 12 14 0 30 41 74 37 58 36 81 47 77 2 40 45 13 73 18 3 35 89 48 56 8 39 50 31 26 85 42 4 94 72 44 90 93 87 57 59 95 
 51 86 2 91 62 64 7 52 17 84 78 79 88 69 21 71 97 54 5 67 29 1 63 53 28 92 60 25 15 98 9 96 75 70 49 33 34 61 82 38 55 16 27 66 23 83 10 65 80 32 43 20 24 19 22 12 14 0 30 41 74 37 58 73 35 89 48 72 44 87 57 68 6 36 81 77 13 99 47 40 45 11 18 3 26 8 39 50 31 76 85 42 4 94 90 93 46 59 56 95 
 1 22 34 44 12 53 39 52 5 55 57 56 8 81 51 99 47 72 45 28 13 33 54 24 85 87 9 10 86 14 78 35 65 17 98 30 46 91 68 11 77 6 29 41 79 66 63 27 67 2 40 43 31 37 93 69 89 71 74 64 21 58 20 19 42 38 4 50 60 36 95 80 61 82 84 16 7 76 88 18 3 83 62 0 15 73 23 48 25 96 32 94 75 70 97 90 59 26 92 49 
 1 22 34 49 63 68 50 81 51 95 57 90 80 44 92 12 21 87 93 20 61 33 89 66 41 19 24 85 82 88 7 30 69 64 72 26 46 76 39 14 78 71 37 55 27 70 42 38 40 2 43 91 98 10 86 45 0 23 60 17 56 62 77 18 31 6 36 54 5 16 79 8 59 35 73 9 47 99 13 28 11 84 52 25 74 48 3 83 15 65 96 32 53 58 67 94 75 4 97 29 
 1 22 82 34 58 68 8 81 51 95 85 90 98 80 45 29 21 89 63 46 12 36 41 79 64 7 66 30 53 24 69 93 20 61 33 92 39 14 78 71 57 16 27 37 55 70 42 38 40 91 13 35 9 62 31 3 72 52 0 23 77 60 99 86 56 88 11 17 83 47 10 18 43 2 59 73 28 6 84 19 25 74 67 49 76 48 50 15 65 44 96 32 94 75 4 97 87 5 54 26 
 1 22 34 39 53 67 49 12 63 84 8 81 95 47 77 45 13 24 54 33 97 82 0 52 25 55 37 90 98 10 86 20 14 78 35 65 17 21 46 31 30 7 62 91 68 99 36 56 6 41 79 69 71 38 70 42 19 85 40 50 60 28 72 80 51 2 61 93 64 89 16 76 88 73 58 74 57 44 18 48 3 83 15 23 9 43 96 32 94 75 4 66 87 27 5 59 26 92 11 29 
 73 76 53 49 39 52 0 96 25 7 57 56 8 81 51 99 47 77 45 28 13 33 54 24 85 82 86 10 98 20 78 35 65 17 55 30 46 91 68 29 36 6 60 41 79 66 63 27 22 67 43 31 64 89 71 70 42 4 38 40 2 50 11 84 14 87 21 18 12 95 80 61 90 72 1 69 37 93 16 34 88 62 48 3 83 15 23 9 5 74 32 94 75 19 97 58 59 26 92 44 
 1 22 34 39 53 67 49 12 63 84 8 81 95 47 77 45 13 24 54 33 38 82 0 52 25 55 37 90 98 10 86 20 14 78 35 65 17 21 46 31 30 7 62 91 68 99 36 56 6 41 79 69 71 97 70 42 19 85 40 50 60 28 72 80 51 2 61 93 64 89 16 76 88 73 58 74 57 44 18 48 3 83 15 23 9 43 96 32 94 75 4 66 87 27 5 59 26 92 11 29 
 1 22 34 57 12 53 39 52 5 55 44 56 8 81 51 99 47 72 45 28 13 33 54 24 85 87 9 10 86 14 78 35 65 17 98 30 46 91 68 11 77 6 29 41 79 66 63 27 67 2 40 43 31 37 93 69 89 71 74 64 21 58 20 19 42 38 4 50 60 36 95 80 61 90 84 16 7 76 88 18 3 83 62 0 15 73 23 48 25 96 32 94 75 70 97 82 59 26 92 49 
 94 22 34 49 63 8 81 13 51 95 57 85 90 98 80 86 44 45 16 24 46 87 93 20 61 26 32 2 33 53 41 89 69 64 35 92 76 18 91 68 11 36 12 39 14 78 71 37 55 27 70 42 38 40 72 48 0 73 56 77 47 99 84 50 74 23 17 60 10 9 58 59 65 62 31 6 88 96 52 25 3 83 15 43 28 54 82 5 21 7 30 79 66 19 97 1 75 4 67 29 
 73 76 53 49 39 52 0 96 25 55 57 56 8 81 51 99 47 77 45 28 13 33 54 24 85 82 86 10 98 20 78 35 65 17 7 30 46 91 68 29 36 6 60 41 79 66 63 27 22 67 43 31 64 89 71 70 42 4 38 40 2 50 11 84 14 87 21 18 12 95 80 61 90 72 1 69 37 93 16 34 88 62 48 3 83 15 23 9 5 74 32 94 75 19 97 58 59 26 92 44 
 1 22 34 49 63 8 81 13 51 95 57 85 90 98 80 56 44 45 16 24 46 87 93 20 61 33 53 41 89 69 64 26 32 2 92 76 18 91 68 11 36 12 39 14 78 71 37 55 27 70 42 38 40 72 60 0 73 86 77 47 99 84 50 74 23 17 48 10 9 58 59 65 62 31 35 6 88 96 52 25 3 83 15 43 28 54 82 5 21 7 30 79 66 19 97 94 75 4 67 29 
 1 22 34 39 53 49 12 31 52 55 57 56 8 11 2 99 47 77 45 13 28 65 17 25 86 59 29 33 54 24 85 82 14 78 88 7 30 41 91 68 76 81 36 6 46 79 66 63 43 98 37 93 69 89 74 64 21 58 19 38 40 50 60 72 95 80 61 90 84 67 51 73 20 42 70 16 71 35 18 0 10 62 48 3 83 15 23 9 44 96 32 94 75 4 97 87 27 5 26 92 
 73 34 53 49 39 52 0 96 25 55 57 56 8 81 51 99 47 77 45 28 13 33 54 24 85 82 86 10 98 14 78 35 65 17 30 46 91 27 22 67 43 68 7 31 11 6 36 29 41 79 64 89 71 66 63 70 42 4 38 40 2 50 60 72 20 87 21 18 12 95 80 61 90 84 1 69 37 93 16 76 88 62 48 3 83 15 23 9 5 74 32 94 75 19 97 58 59 26 92 44 
 73 22 34 28 53 43 49 39 52 25 55 57 56 8 2 99 47 77 51 29 13 33 54 97 98 10 0 14 88 46 78 87 21 17 96 7 31 30 65 18 91 68 11 36 12 81 41 79 64 89 71 66 70 42 45 85 82 6 19 38 40 50 60 72 95 63 1 84 80 67 24 26 61 90 27 69 37 93 16 76 20 83 48 3 62 15 23 9 5 74 86 32 94 75 4 35 58 59 92 44 
 1 22 34 39 53 49 12 31 52 55 57 56 8 11 2 99 47 77 45 13 28 65 17 25 86 59 29 33 54 24 85 82 14 78 88 7 30 41 91 68 81 36 6 43 79 66 63 46 98 37 93 69 89 71 74 64 21 58 19 38 40 50 60 72 95 80 61 90 84 67 51 73 20 42 70 16 76 35 18 0 10 62 48 3 83 15 23 9 44 96 32 94 75 4 97 87 27 5 26 92 
 1 22 34 49 63 8 81 13 51 95 57 85 90 99 80 44 73 16 24 46 87 93 20 61 33 53 41 89 69 64 26 32 92 77 11 36 12 76 39 14 78 71 37 55 27 70 42 38 40 2 43 91 72 0 23 10 31 60 59 17 56 9 65 62 68 50 47 98 18 48 6 84 88 96 52 25 3 83 15 74 45 86 58 35 28 54 82 5 21 7 30 79 66 19 97 94 75 4 67 29 
 73 22 34 28 53 43 49 39 52 25 55 57 56 8 2 99 47 77 51 29 13 33 54 97 98 10 0 14 71 46 78 87 21 17 96 7 31 30 65 18 91 68 11 36 12 81 41 79 64 89 88 66 70 42 45 85 82 6 19 38 40 50 60 72 95 80 1 84 63 67 24 26 61 90 16 69 37 93 76 20 62 74 3 83 15 23 9 5 48 35 86 32 94 75 4 58 27 59 92 44 
 1 22 82 34 58 68 8 81 60 95 90 37 85 98 80 44 45 59 12 63 55 24 46 87 93 20 16 33 53 7 89 94 64 26 39 14 78 71 5 57 61 27 70 42 38 40 50 72 0 23 77 51 10 86 56 2 11 17 83 36 65 62 47 99 48 31 15 18 43 13 28 6 84 19 52 25 74 67 49 76 88 73 3 9 35 91 96 32 92 30 66 41 54 69 75 97 4 29 79 21 
 1 22 34 49 58 68 8 81 51 95 85 90 98 80 45 29 88 89 63 46 12 36 41 79 64 7 66 30 53 16 24 69 93 20 61 33 57 92 39 14 31 52 19 11 99 47 77 13 28 65 17 25 86 59 54 82 72 26 76 78 71 37 55 27 70 42 38 40 2 43 91 35 0 23 10 6 21 74 56 50 60 84 67 73 18 48 3 83 62 15 9 44 96 32 94 75 4 97 87 5 
 1 22 82 34 58 68 8 81 51 95 85 90 98 80 45 29 21 89 63 46 12 36 41 79 64 7 66 30 53 24 69 93 20 61 33 54 39 14 78 71 57 16 27 37 55 70 42 38 40 91 2 35 9 62 31 3 72 52 0 23 77 60 99 86 56 88 11 17 83 47 10 18 43 13 59 73 28 6 84 19 25 74 67 49 76 48 50 15 65 44 96 32 94 75 4 97 87 5 92 26 
 1 22 34 49 63 8 81 13 51 95 57 85 90 80 86 44 45 16 24 46 87 20 61 33 53 41 26 32 2 92 76 18 91 68 11 36 12 39 14 78 55 27 70 42 38 40 72 48 43 6 37 93 69 89 71 74 64 0 73 56 77 47 99 84 50 23 17 60 10 9 58 59 65 62 31 35 98 88 96 52 25 3 83 15 28 54 82 5 21 7 30 79 66 19 97 94 75 4 67 29 
 90 22 34 53 39 49 33 43 62 23 55 57 56 8 2 29 99 47 77 51 28 13 11 45 54 61 0 98 10 20 14 78 35 65 17 21 7 31 30 46 52 91 68 36 12 4 41 79 64 89 73 66 27 70 42 85 82 6 19 38 40 50 60 72 95 80 1 84 63 67 24 69 71 37 93 16 76 88 18 48 3 83 15 25 9 5 74 96 86 32 94 75 81 97 87 58 59 26 92 44 
 1 22 19 49 63 68 8 81 13 51 95 57 85 90 80 44 18 32 12 16 24 46 91 98 87 93 20 61 33 53 41 89 69 64 35 10 86 26 92 76 39 14 78 71 37 55 27 70 42 38 40 2 43 0 23 25 60 59 17 56 65 62 77 50 47 99 45 48 6 84 73 9 88 96 52 31 3 83 15 11 36 28 54 82 5 21 7 30 74 79 66 34 72 58 67 94 75 4 97 29 
 1 22 82 34 58 68 8 81 51 95 85 90 98 80 45 29 21 89 63 46 12 36 41 79 64 7 66 30 53 24 69 93 20 61 33 92 39 14 78 71 57 16 27 37 55 70 42 38 40 91 2 35 9 62 31 3 72 52 0 23 77 60 99 86 56 88 11 17 83 47 10 18 43 13 59 73 28 6 84 19 25 74 67 49 76 48 50 15 65 44 96 32 94 75 4 97 87 5 54 26 
 90 22 34 53 39 49 33 43 62 23 55 57 56 8 2 29 99 47 77 51 28 13 11 45 54 61 0 98 10 20 14 78 35 65 17 21 7 31 30 46 52 91 68 36 12 4 41 79 64 89 69 66 27 70 42 85 82 6 19 38 40 50 60 72 95 80 1 84 63 67 24 73 71 37 93 16 76 88 18 48 3 83 15 25 9 5 74 96 86 32 94 75 81 97 87 58 59 26 92 44 
 73 34 53 49 39 52 0 96 25 55 57 56 8 81 51 99 47 36 12 77 45 28 13 33 54 24 85 82 86 10 98 14 78 35 65 17 7 30 46 91 22 11 6 29 41 79 66 63 27 68 67 2 40 43 31 20 87 21 18 64 89 71 70 42 19 50 60 72 95 80 61 90 84 38 1 69 37 97 16 76 88 62 48 3 83 15 23 9 5 74 32 94 75 4 93 58 59 26 92 44 
 1 22 34 49 63 8 81 13 51 95 57 85 90 98 80 44 73 16 24 46 87 93 20 61 33 53 41 89 69 64 26 32 92 77 11 36 12 76 39 14 78 71 37 55 27 70 42 38 40 2 43 91 72 0 23 10 31 60 59 17 56 9 65 62 68 50 47 99 18 48 6 84 88 96 52 25 3 83 15 74 45 86 58 35 28 54 82 5 21 7 30 79 66 19 97 94 75 4 67 29 
 1 22 34 49 63 68 8 81 13 51 95 57 85 90 98 80 86 45 36 12 16 24 46 93 20 61 33 53 41 89 69 30 26 92 76 39 14 78 71 37 27 55 70 42 38 40 2 43 91 72 0 23 10 31 60 17 56 65 77 6 84 88 52 25 74 64 79 50 59 35 73 9 47 99 28 54 82 21 7 11 66 19 58 18 48 3 83 62 15 44 96 32 94 75 4 97 87 5 67 29 
 1 22 34 49 63 68 8 81 13 51 95 57 85 90 98 56 86 45 16 24 46 87 93 20 61 33 53 41 89 69 64 36 12 26 92 76 11 14 78 71 37 27 55 70 42 38 40 2 43 91 72 0 23 10 31 60 59 17 80 65 77 50 47 99 6 84 88 52 25 74 28 54 82 21 7 30 39 79 66 19 73 58 35 18 48 3 83 62 15 9 44 96 32 94 75 4 97 5 67 29 
 1 22 34 39 53 67 49 12 63 84 8 81 95 47 77 45 13 24 54 33 38 82 0 52 25 55 37 90 98 10 86 20 14 78 35 65 17 21 46 31 30 7 62 91 68 99 36 56 6 41 79 69 71 66 70 42 19 85 40 50 60 28 72 80 51 2 61 93 64 89 16 76 88 73 58 74 57 44 18 48 3 83 15 23 9 43 96 32 94 75 4 97 87 27 5 59 26 92 11 29 
 1 22 82 34 58 68 8 81 25 60 95 90 37 85 98 80 44 45 59 12 63 55 24 46 87 93 20 61 33 53 41 89 94 64 13 26 19 76 39 14 78 71 5 57 16 27 70 42 38 40 2 72 52 43 0 23 77 51 10 86 56 88 50 11 17 83 36 65 62 47 99 18 48 6 84 31 15 3 73 9 35 91 96 32 28 92 67 30 66 7 49 54 74 69 75 97 4 29 79 21 
 1 22 82 34 58 68 8 81 51 95 85 90 98 80 45 29 21 89 63 46 12 36 41 79 64 7 66 30 53 16 24 69 93 20 61 33 57 92 39 14 78 71 37 55 70 42 38 40 91 2 35 9 62 31 50 72 52 0 23 77 60 99 86 56 88 11 17 83 47 10 18 43 13 59 73 28 6 84 19 25 74 67 49 76 48 3 15 65 44 96 32 94 75 4 97 87 27 5 54 26 
 1 22 82 34 58 68 8 81 60 95 90 37 85 98 80 44 45 59 12 63 55 24 46 87 93 20 61 33 53 7 89 94 64 26 39 14 78 71 5 57 16 27 70 42 38 40 50 72 0 23 77 51 10 86 56 2 11 17 83 36 65 62 47 99 48 31 15 18 43 13 28 6 84 19 52 25 74 67 49 76 88 73 3 9 35 91 96 32 92 30 66 41 54 69 75 97 4 29 79 21 
 1 22 34 85 51 95 49 57 56 8 11 2 99 47 77 45 13 28 65 17 91 98 44 20 63 46 41 79 64 89 66 53 24 61 33 69 90 68 36 12 39 14 78 21 55 27 70 42 38 40 72 0 23 10 60 35 73 62 31 50 80 43 6 84 19 52 54 82 71 7 37 93 16 76 88 18 48 3 83 15 25 9 5 74 96 86 32 94 75 81 97 87 58 59 26 92 30 67 4 29 
 73 22 34 28 53 43 49 39 52 25 55 57 56 8 2 99 47 77 51 29 13 33 54 97 98 10 0 5 88 46 78 87 21 17 30 31 65 18 91 68 11 36 12 81 41 79 64 89 71 66 70 42 45 85 82 6 19 38 40 50 60 72 95 80 1 84 63 67 24 26 61 90 27 7 96 69 37 93 76 20 62 48 3 83 15 23 9 14 74 86 32 94 75 4 35 58 59 16 92 44 
 73 22 34 28 53 43 49 39 52 25 55 57 56 8 2 99 47 77 51 29 13 33 54 97 98 10 0 14 88 46 78 87 21 17 30 31 65 18 91 68 11 36 12 81 41 79 64 89 71 66 70 42 45 85 82 6 19 38 40 50 60 72 95 80 1 84 63 67 24 26 61 90 27 7 96 69 37 93 76 20 62 48 3 83 15 23 9 5 74 86 32 94 75 4 35 58 59 16 92 44 
 90 22 34 53 39 49 33 43 52 23 55 57 56 8 2 29 99 47 77 51 28 13 11 45 54 41 0 98 10 20 14 78 35 65 17 21 7 31 30 46 62 91 68 36 12 4 66 79 64 89 71 61 27 70 42 85 82 6 19 38 40 50 60 72 95 80 1 84 63 67 24 73 69 37 93 16 76 88 18 48 3 83 15 25 9 5 74 96 86 32 94 75 81 97 87 58 59 26 92 44 
 1 22 34 58 48 8 81 25 51 95 90 37 85 98 80 44 45 12 63 55 24 46 87 93 20 61 33 53 41 89 94 64 74 26 92 76 39 14 78 71 57 16 27 70 42 38 67 2 40 72 52 0 23 60 10 77 18 31 6 36 54 82 5 21 7 30 79 50 59 35 73 9 47 99 43 13 28 86 56 88 11 17 83 65 62 68 84 3 15 91 96 32 19 66 49 69 75 4 97 29 
 73 22 34 85 53 49 39 25 55 57 56 8 2 99 47 77 51 29 13 33 54 97 98 10 14 20 96 69 87 21 17 0 71 46 7 30 65 18 91 68 11 36 12 81 41 79 64 89 66 63 70 42 45 28 82 38 40 60 72 95 26 61 90 27 67 24 1 78 37 93 76 9 62 31 50 80 43 6 84 19 52 3 88 48 83 15 23 5 74 86 32 94 75 4 35 58 59 16 92 44 
 1 22 82 34 58 68 8 81 51 95 80 57 85 90 98 45 59 12 63 24 46 93 20 61 33 53 41 89 69 64 26 92 39 14 78 71 37 55 16 70 42 38 40 72 0 86 11 36 91 30 66 7 54 52 10 77 60 43 56 2 35 9 62 31 50 47 99 18 17 13 28 6 84 19 23 25 76 67 49 74 88 73 44 48 3 83 15 65 96 32 94 75 4 97 87 27 5 29 79 21 
 73 22 34 28 53 43 49 39 52 25 55 57 56 8 2 99 47 77 51 29 13 33 54 97 98 10 0 14 88 46 78 87 21 17 96 35 31 30 65 18 91 68 11 36 12 81 41 79 64 89 71 66 70 42 45 85 82 6 19 38 40 50 60 72 95 80 1 84 63 67 24 26 61 90 16 69 37 93 76 20 83 48 3 62 15 23 9 5 74 86 32 94 75 4 7 58 27 59 92 44 
 73 22 34 28 53 43 49 39 52 25 55 57 56 8 2 99 47 77 51 29 13 33 54 97 98 10 0 14 88 78 87 21 17 96 7 30 46 31 65 18 91 24 11 36 12 81 41 79 64 89 71 66 70 42 45 85 82 6 19 38 40 50 60 72 95 80 1 84 63 67 68 26 61 90 16 69 37 93 76 20 83 48 3 62 15 23 9 5 74 86 32 94 75 4 35 58 59 27 92 44 
 90 22 34 53 43 49 38 39 52 23 41 57 56 8 2 29 99 47 77 51 28 13 33 45 54 61 0 98 10 86 20 14 78 35 65 17 21 7 55 30 46 62 91 68 36 12 4 74 79 64 89 71 66 27 70 42 85 82 6 19 11 40 50 60 72 95 80 1 84 63 67 24 73 69 37 93 16 92 88 18 48 3 83 15 25 9 5 31 96 32 94 75 81 97 87 58 76 26 59 44 
 1 22 82 34 58 68 8 81 51 95 80 57 85 90 98 45 59 12 63 24 46 93 20 61 33 53 41 89 69 64 26 92 39 14 78 71 37 55 16 70 42 38 40 72 0 86 11 36 91 30 66 7 54 52 10 77 60 43 56 2 35 9 62 31 50 47 99 18 17 13 28 6 84 19 23 25 74 67 49 76 88 73 44 48 3 83 15 65 96 32 94 75 4 97 87 27 5 29 79 21 
 90 22 34 53 39 49 33 43 52 23 55 57 56 8 2 29 99 47 77 51 28 13 11 45 54 61 0 98 10 20 14 78 35 65 17 21 7 31 30 46 62 91 68 36 12 4 41 79 64 89 69 66 27 70 42 85 82 6 19 38 40 50 60 72 95 80 1 84 63 67 24 73 71 37 93 16 76 88 18 48 3 83 15 25 9 5 74 96 86 32 94 75 81 97 87 58 59 26 92 44 
 1 22 34 68 13 40 85 90 46 98 43 32 8 81 51 99 47 77 45 86 44 84 12 16 24 57 33 54 63 93 20 61 53 79 30 58 19 89 69 64 26 92 76 39 14 78 71 37 55 27 70 42 38 95 2 72 0 23 10 60 9 36 59 65 62 31 28 17 18 48 6 80 73 50 88 96 52 25 3 83 35 91 15 74 82 5 21 7 56 11 67 66 49 94 75 4 97 87 41 29 
 1 22 34 49 63 68 8 81 13 51 95 57 85 90 80 44 45 32 12 16 24 46 87 93 20 61 33 89 69 53 41 91 98 10 86 64 35 26 92 76 39 14 78 71 37 55 27 70 42 38 40 2 43 73 0 23 25 60 59 17 56 9 65 62 77 50 47 99 18 48 6 84 88 96 52 31 3 83 15 11 36 28 54 82 5 21 7 30 74 79 66 19 72 58 67 94 75 4 97 29 
 73 34 53 49 39 52 0 96 25 55 57 56 8 81 51 99 47 77 45 28 13 33 54 24 85 82 86 10 98 14 78 35 65 17 30 46 91 27 22 67 43 31 7 68 11 6 36 29 41 79 64 89 71 66 63 70 42 4 38 40 2 50 60 72 20 87 21 18 12 95 80 61 90 84 1 69 37 93 16 76 88 62 48 3 83 15 23 9 5 74 32 94 75 19 97 58 59 26 92 44 
 73 34 53 49 39 52 0 96 25 55 57 56 8 81 51 99 47 36 12 77 45 28 13 33 54 24 85 82 86 10 98 14 78 35 65 17 7 30 46 91 22 11 6 29 41 79 66 63 27 68 67 2 40 43 31 20 87 21 18 64 89 71 70 42 19 50 60 72 95 80 61 90 84 38 1 69 37 93 16 76 88 62 48 3 83 15 23 9 5 74 32 94 75 4 97 58 59 26 92 44 
 90 22 34 53 39 49 33 43 52 23 55 57 56 8 2 29 99 47 77 51 28 13 11 45 54 61 0 98 10 20 14 78 35 65 17 21 7 31 30 46 62 91 68 36 12 4 41 79 64 89 71 66 27 70 42 85 82 6 19 38 40 50 60 72 95 80 1 84 63 67 24 73 69 37 93 16 76 88 18 48 3 83 15 25 9 5 74 96 86 32 94 75 81 97 87 58 59 26 92 44 
