 72 4 75 94 66 30 37 71 89 78 62 77 6 45 99 11 39 92 69 64 18 8 50 26 54 33 16 61 22 47 43 95 60 59 34 76 7 55 74 79 63 24 28 81 1 27 41 21 93 88 49 38 19 91 58 9 17 31 10 3 73 83 36 13 51 32 80 90 85 56 86 23 5 48 44 65 96 98 20 68 57 53 46 14 97 67 12 84 2 70 52 25 15 87 35 0 40 29 82 42 
 85 22 97 24 1 66 30 7 89 57 37 58 71 26 68 20 99 70 16 35 96 28 86 95 75 94 49 4 43 80 74 53 59 48 9 17 92 72 67 90 46 64 79 63 41 88 78 5 0 27 38 19 54 6 34 44 73 69 76 81 8 10 83 91 18 98 14 31 23 62 60 47 77 36 13 61 2 11 50 25 21 3 65 12 84 45 56 32 51 39 52 15 93 55 87 40 29 82 33 42 
 61 22 4 75 94 72 46 41 7 66 30 89 71 62 91 42 24 6 56 99 70 80 92 76 64 18 96 69 28 50 57 54 60 43 45 8 55 74 79 63 77 13 81 1 27 21 93 88 49 38 19 59 10 5 48 98 23 44 35 20 83 58 3 16 31 78 17 73 37 53 68 36 95 51 32 39 90 85 26 2 34 14 97 67 12 84 33 86 11 52 25 15 9 87 65 0 40 29 82 47 
 38 97 24 61 57 27 53 30 37 89 7 56 58 91 77 6 26 40 70 16 71 35 96 28 86 80 75 94 49 4 95 92 43 1 66 17 46 54 22 19 79 64 67 63 41 78 5 74 3 20 34 47 83 81 8 18 98 59 10 62 44 60 73 9 36 23 31 0 68 2 99 13 11 50 25 65 76 42 85 90 88 69 93 72 12 84 45 32 51 39 14 52 15 48 55 87 21 29 33 82 
 70 77 17 92 43 28 26 14 58 20 80 86 11 30 57 27 64 66 19 53 90 37 16 61 85 93 94 49 4 1 33 87 89 22 59 18 95 6 47 34 55 71 38 42 29 76 36 81 60 62 73 67 69 75 72 79 5 97 41 74 21 24 63 83 91 45 10 8 23 31 48 0 51 32 39 68 2 99 13 98 9 3 65 35 78 46 12 84 54 7 88 44 56 50 52 25 15 96 40 82 
 38 97 24 61 57 27 66 30 37 89 7 69 58 91 77 6 40 70 16 71 35 96 51 86 95 50 17 60 43 26 54 75 94 49 4 80 92 64 53 93 46 22 19 79 1 67 63 41 78 5 74 3 20 34 47 83 81 8 18 98 59 44 62 10 73 9 36 23 31 0 68 2 99 13 11 25 65 76 82 90 88 56 85 72 12 84 45 32 28 39 14 52 15 48 55 87 21 29 33 42 
 85 22 97 24 61 1 66 7 89 37 71 68 91 47 6 26 99 70 53 67 16 35 96 8 86 95 75 94 49 4 87 92 43 64 58 93 46 54 76 79 63 88 78 5 0 27 38 59 90 20 34 36 81 77 73 3 30 41 74 21 69 57 19 28 18 98 17 10 31 23 62 60 44 83 9 13 2 11 50 25 65 39 12 84 45 80 32 51 72 14 52 15 48 55 56 40 29 82 33 42 
 85 22 97 24 61 1 66 30 37 89 7 71 16 77 6 26 99 70 53 67 91 35 96 28 86 95 75 94 49 4 72 92 43 64 58 93 17 46 54 76 74 79 63 41 88 78 5 0 27 38 59 90 20 34 36 81 47 73 69 57 19 8 18 98 83 10 31 23 62 60 44 3 9 13 68 2 11 50 25 65 39 80 84 45 12 32 51 56 14 52 15 48 55 87 21 40 29 82 33 42 
 67 97 24 61 57 27 66 30 37 89 7 56 58 17 77 6 26 33 70 16 71 35 91 81 40 8 28 86 95 75 94 49 4 80 92 43 72 90 93 46 54 22 19 79 1 38 63 41 78 5 74 3 20 34 47 83 96 18 60 36 85 82 53 98 59 10 62 44 73 9 23 31 0 68 2 99 13 11 50 25 65 88 69 76 64 12 84 45 32 51 39 14 52 15 48 55 87 21 29 42 
 61 22 4 75 94 72 46 41 7 66 30 89 71 62 91 42 24 6 56 99 70 80 92 76 64 18 96 69 28 50 57 54 60 43 45 8 55 74 79 63 77 13 81 1 27 21 93 88 49 38 19 59 10 5 48 98 23 44 35 20 83 58 3 16 31 78 17 73 37 53 68 36 95 51 32 39 90 85 26 86 34 14 97 67 12 84 33 2 11 52 25 15 9 87 65 0 40 29 82 47 
 85 22 97 24 61 76 1 66 30 7 89 37 71 91 83 26 6 99 70 16 35 96 28 86 95 75 94 49 4 43 80 63 53 59 48 9 17 92 72 46 90 67 74 79 64 41 88 78 5 0 27 38 19 54 20 34 44 73 69 57 68 8 18 98 14 10 31 23 62 60 47 77 36 13 81 2 11 50 25 21 3 58 65 12 84 45 56 32 51 39 52 15 93 55 87 40 29 82 33 42 
 61 22 4 75 94 72 37 41 7 47 66 30 89 71 62 91 24 6 56 99 70 80 92 76 64 18 96 69 28 50 57 54 60 43 45 8 55 74 79 63 77 13 81 1 27 21 93 88 49 38 19 59 10 5 48 98 23 44 35 20 83 58 3 16 31 78 17 73 46 53 68 36 95 51 32 39 90 85 26 86 34 14 97 67 12 84 33 2 11 52 25 15 9 87 65 0 40 29 82 42 
 57 97 24 61 67 27 66 30 5 89 7 34 58 17 77 6 26 40 70 16 71 35 91 81 33 8 28 86 95 75 94 49 4 80 92 43 72 90 93 46 54 22 19 79 1 38 63 41 78 37 74 3 20 56 47 83 96 18 60 36 85 82 53 98 59 10 62 44 73 9 23 31 0 68 2 99 13 11 50 25 65 88 69 76 64 12 84 45 32 51 39 14 52 15 48 55 87 21 29 42 
 38 97 24 61 57 27 66 30 37 89 7 56 58 91 77 6 26 40 70 16 71 35 96 51 86 95 75 94 49 4 80 92 43 64 53 93 17 46 54 22 19 79 1 67 63 41 78 5 74 3 20 34 47 83 81 8 18 98 59 44 62 10 60 73 9 28 23 31 0 68 2 99 13 11 50 25 65 76 82 90 88 69 85 72 12 84 45 32 36 39 14 52 15 48 55 87 21 29 33 42 
 85 22 97 24 61 76 1 66 30 7 89 27 71 91 83 26 6 99 70 16 35 96 28 86 95 75 94 49 4 43 46 64 53 59 9 17 92 72 90 67 74 79 63 41 88 78 5 0 37 38 19 54 20 34 44 73 69 57 81 8 18 98 10 31 23 62 60 47 77 36 13 68 2 11 50 25 3 58 93 65 39 12 84 45 80 32 51 56 14 52 15 48 55 87 21 40 29 82 33 42 
 61 22 16 4 75 94 49 66 30 37 89 71 91 99 60 50 80 86 32 70 76 64 18 96 69 21 84 43 62 9 48 92 8 45 54 27 41 7 55 74 79 63 24 28 81 1 95 88 78 0 19 59 38 72 5 93 87 3 65 98 73 10 31 23 20 83 47 34 44 57 53 68 36 40 51 77 39 90 85 56 26 46 14 97 67 12 6 33 2 11 52 25 15 17 58 35 13 29 42 82 
 57 97 24 61 67 27 66 30 5 89 7 56 58 17 77 6 26 40 70 16 71 35 91 81 33 8 28 86 95 75 94 49 4 80 92 43 72 90 93 46 54 22 19 79 1 38 63 41 78 37 74 3 20 34 47 83 96 18 60 36 85 82 53 98 59 10 62 44 73 9 23 31 0 68 2 99 13 11 50 25 65 88 69 76 64 12 84 45 32 51 39 14 52 15 48 55 87 21 29 42 
 61 22 40 4 75 94 49 66 30 37 89 7 41 91 99 60 50 80 86 32 70 76 64 18 96 69 95 84 43 62 9 48 92 28 6 8 45 54 55 74 79 63 24 81 1 27 71 21 88 78 38 19 59 16 5 93 58 3 65 98 73 10 31 23 20 83 47 34 44 57 53 68 36 51 77 39 90 85 56 26 46 14 97 67 12 33 2 11 52 25 15 17 87 35 0 13 29 42 72 82 
 94 49 70 77 17 92 18 28 34 76 58 20 80 86 11 57 27 64 66 19 53 93 1 37 16 61 33 24 89 22 59 43 95 6 26 78 30 88 69 55 71 4 38 42 29 85 36 81 60 62 73 67 90 75 72 79 5 97 41 74 21 87 63 39 14 47 83 91 45 10 8 23 31 48 0 13 51 32 68 2 99 3 9 98 65 35 84 12 46 54 7 44 56 50 52 25 15 96 40 82 
 94 49 70 77 17 92 43 28 26 14 58 20 80 86 11 19 57 27 64 66 30 53 69 37 16 61 85 93 1 33 24 89 22 59 18 95 6 47 34 55 71 4 38 42 29 76 36 81 60 62 73 67 90 75 72 79 5 97 41 74 21 87 63 83 91 45 10 8 23 31 48 0 13 51 32 39 68 2 99 98 9 3 65 35 78 46 12 84 54 7 88 44 56 50 52 25 15 96 40 82 
 85 22 97 24 61 76 1 66 30 7 89 37 71 91 83 26 6 99 70 16 35 96 28 86 95 75 94 49 4 43 80 63 53 59 48 9 17 92 72 46 90 67 74 79 64 41 88 78 5 0 27 38 19 54 20 34 44 73 69 57 81 8 18 98 14 10 31 23 62 60 47 77 36 13 68 2 11 50 25 21 3 58 65 12 84 45 56 32 51 39 52 15 93 55 87 40 29 82 33 42 
 24 33 97 42 57 27 66 30 37 89 7 56 77 6 26 40 70 16 71 35 96 46 28 86 95 75 94 49 4 43 8 64 53 59 48 92 44 85 54 22 79 1 67 63 41 78 5 74 20 34 47 81 80 19 91 58 3 10 31 17 83 36 13 51 32 18 98 62 60 73 9 23 0 68 2 99 11 50 25 65 76 82 90 88 69 93 72 12 84 45 39 14 52 15 55 87 21 29 38 61 
 67 97 24 61 57 27 66 30 37 89 7 56 58 17 77 33 26 40 70 16 71 35 91 81 6 8 28 86 95 75 94 49 4 80 92 43 72 90 93 46 54 22 19 79 1 38 63 41 78 5 74 3 20 34 47 83 96 18 60 36 85 82 53 98 59 10 62 44 73 9 65 31 0 68 2 99 13 11 50 25 23 88 69 76 64 12 84 45 32 51 39 14 52 15 48 55 87 21 29 42 
 38 97 24 61 57 27 66 30 37 89 7 56 58 91 77 6 26 40 70 16 71 35 96 28 86 80 75 94 49 4 95 92 43 1 53 17 46 54 22 19 79 64 67 63 41 78 5 74 3 20 34 47 83 81 8 18 98 59 10 62 44 60 73 9 36 23 31 0 68 2 99 13 11 50 25 65 76 42 85 90 88 69 93 72 12 84 45 32 51 39 14 52 15 48 55 87 21 29 33 82 
 61 22 40 4 75 94 49 66 30 37 89 7 71 91 99 60 50 80 86 32 70 76 64 18 96 69 95 84 43 62 9 48 92 28 6 8 45 54 55 74 79 63 24 81 1 27 41 21 93 78 38 19 59 16 5 88 58 3 65 98 73 10 31 23 20 83 47 34 44 57 53 68 36 51 77 39 90 85 56 26 46 14 97 67 12 33 2 11 52 25 15 17 87 35 0 13 29 42 72 82 
 85 22 97 24 61 1 66 37 89 7 71 91 77 6 26 99 70 53 67 16 35 96 8 86 95 75 94 49 4 87 92 64 58 93 46 54 76 79 63 88 78 5 0 27 38 59 90 20 34 36 81 47 73 48 30 41 74 21 69 57 19 28 18 98 17 10 31 23 62 60 68 43 44 83 9 13 2 11 50 25 65 39 12 84 45 80 32 51 72 14 52 15 3 55 56 40 29 82 33 42 
 67 97 24 61 57 27 66 30 37 89 7 56 58 17 77 6 26 40 70 16 71 35 91 81 33 8 28 86 95 75 94 49 4 80 92 43 72 90 93 46 54 22 19 79 1 38 63 41 78 5 74 3 20 34 47 83 96 18 60 36 85 82 53 98 59 10 62 44 73 9 23 31 0 68 2 99 13 11 50 25 65 88 69 76 64 12 84 45 32 51 39 14 52 15 48 55 87 21 29 42 
 91 44 11 28 8 43 45 92 46 48 17 62 77 81 50 40 84 26 68 59 97 57 71 85 1 75 94 70 42 93 69 20 22 27 66 49 24 29 47 36 6 80 95 51 10 35 9 96 72 88 67 99 13 31 23 39 60 53 18 15 52 61 82 34 2 76 54 19 78 14 0 63 30 64 79 5 16 37 33 7 4 38 98 65 25 83 58 3 86 41 74 73 56 32 12 89 55 87 21 90 
 56 47 28 11 68 43 84 45 77 95 6 60 31 92 8 66 20 35 48 27 97 57 46 34 26 67 39 36 81 75 94 70 42 49 29 80 51 40 18 76 82 54 19 85 2 50 91 59 9 96 72 93 69 79 53 12 24 33 44 62 0 64 71 55 4 99 13 38 7 16 14 5 30 88 23 98 65 25 15 83 17 78 37 89 87 21 58 90 22 61 73 10 86 32 63 1 41 74 52 3 
 56 47 28 11 61 91 53 77 81 43 59 57 66 92 44 31 46 10 35 27 97 82 80 40 34 26 76 19 4 68 94 49 42 70 29 95 51 36 88 54 24 41 84 85 6 50 72 33 39 67 99 13 38 45 8 60 18 23 71 48 7 55 93 17 65 62 25 96 83 98 78 0 89 63 30 79 64 14 16 37 73 58 90 22 20 9 69 15 86 2 1 75 32 12 5 87 21 74 52 3 
 56 47 28 11 43 84 45 6 57 66 92 31 52 48 35 73 9 46 20 27 97 26 77 81 80 44 90 34 63 4 75 94 70 42 49 50 95 51 40 8 76 82 54 19 85 2 60 39 68 18 91 59 36 29 72 93 69 78 53 1 24 33 62 96 0 41 79 64 37 55 67 99 13 38 7 89 16 14 5 30 88 71 23 98 65 25 74 83 17 58 22 61 10 86 32 12 87 21 15 3 
 44 92 28 17 56 43 45 11 48 8 62 77 81 68 26 80 91 46 53 40 1 97 57 85 75 94 70 42 93 69 20 22 66 49 87 24 29 32 47 36 6 50 95 51 10 35 9 96 34 88 67 99 13 31 23 39 60 59 18 15 52 61 89 27 33 82 72 2 76 54 19 78 14 0 84 63 30 64 79 5 16 37 55 71 7 4 38 98 65 25 83 58 3 73 86 12 41 21 74 90 
 40 47 28 62 43 8 77 81 80 44 18 48 27 97 82 71 85 49 66 87 57 24 95 51 50 75 94 70 42 93 69 20 0 26 6 68 72 3 60 36 1 39 84 10 17 9 96 88 45 99 13 31 23 78 61 59 92 35 52 91 2 29 34 67 76 54 19 11 14 22 33 4 89 63 30 79 64 90 5 46 37 55 38 7 16 98 15 25 65 83 58 73 56 86 32 12 53 21 74 41 
 91 38 28 11 61 56 53 77 43 59 44 31 92 46 48 65 27 97 82 80 34 76 19 26 8 39 36 81 75 94 70 42 49 29 95 51 40 4 68 88 66 54 24 41 57 84 85 6 50 72 33 67 99 13 47 45 60 18 23 71 10 7 55 69 17 35 62 25 5 83 98 78 0 89 63 30 79 64 90 14 16 96 73 58 22 20 9 93 15 86 2 1 32 12 37 87 21 74 52 3 
 56 44 11 28 8 91 43 25 45 31 92 46 53 48 35 62 77 81 80 40 84 27 97 57 94 70 71 85 93 69 20 22 75 1 66 49 87 24 7 32 68 36 6 50 95 51 10 17 18 96 72 88 2 99 13 60 23 39 59 9 15 52 26 29 34 67 76 54 19 78 14 0 89 79 5 63 30 64 16 37 55 33 82 4 38 98 65 47 83 58 90 42 61 73 86 12 41 21 74 3 
 56 47 28 11 91 43 84 45 6 57 66 27 31 52 48 35 92 97 26 77 81 80 44 90 34 4 75 94 70 42 49 29 95 51 40 8 76 82 54 85 24 60 72 18 89 19 39 93 69 78 53 1 63 68 2 33 50 36 59 62 96 0 41 79 64 37 55 67 99 13 38 16 7 14 5 30 88 20 71 23 98 65 25 15 83 17 9 46 58 73 10 22 61 86 32 12 87 21 3 74 
 56 44 11 28 8 91 43 45 92 46 48 17 62 77 81 72 40 27 85 68 53 24 57 33 1 75 4 70 42 93 69 20 22 66 49 87 97 32 47 36 6 50 95 51 10 35 9 96 80 88 67 99 13 31 23 39 60 59 5 18 15 52 26 29 61 82 34 2 76 54 19 78 14 0 84 63 30 64 79 89 16 37 55 71 7 94 38 98 65 25 83 58 3 73 86 12 41 21 74 90 
 56 44 11 28 8 91 43 45 92 46 48 17 62 77 81 72 40 27 85 68 53 24 57 33 1 75 4 70 42 93 69 20 22 66 49 87 97 32 47 36 6 50 95 51 10 35 9 96 80 88 67 99 13 31 23 39 60 59 89 18 15 52 26 29 61 82 34 2 76 54 19 78 14 0 84 63 30 64 79 5 16 37 55 71 7 94 38 98 65 25 83 58 3 73 86 12 41 21 74 90 
 56 44 80 28 31 91 43 25 45 8 92 46 53 48 35 62 77 81 11 40 84 27 97 57 94 70 71 85 93 69 20 22 75 61 66 49 87 24 82 32 68 36 6 50 95 51 10 17 9 96 72 88 2 73 13 60 23 39 59 18 15 52 26 29 34 67 76 54 19 78 14 0 89 63 30 64 79 5 16 37 55 33 7 4 38 98 65 47 83 58 90 42 1 99 86 12 41 21 74 3 
 56 47 28 11 68 43 84 45 77 80 6 60 31 92 8 66 20 59 48 27 97 57 46 34 26 67 39 36 81 75 94 70 42 49 29 95 51 40 52 76 82 54 19 85 2 50 91 35 9 96 72 93 69 79 53 63 4 24 33 44 62 0 64 71 55 99 13 38 7 16 14 5 30 88 23 98 65 25 15 83 17 78 37 89 87 21 58 90 22 61 73 10 86 32 12 1 41 74 18 3 
 40 47 28 62 43 8 77 81 80 44 18 48 27 97 82 71 85 49 66 87 57 24 95 51 50 75 94 70 42 93 69 20 22 26 6 68 72 96 60 36 1 39 84 10 17 9 3 88 45 99 13 31 23 11 90 46 61 59 92 35 15 52 91 2 29 34 67 76 54 19 78 14 0 89 63 30 64 79 5 16 37 55 33 7 4 38 98 25 65 83 58 73 56 86 32 12 53 21 74 41 
 40 47 28 62 43 8 77 81 80 44 18 48 27 97 82 71 85 49 66 87 57 24 95 51 50 75 94 70 42 93 69 20 22 26 6 68 72 3 60 36 1 39 84 10 17 9 96 88 45 99 13 31 23 78 61 59 92 35 52 91 2 29 34 67 76 54 19 11 14 0 33 4 89 63 30 79 64 90 5 46 37 55 38 7 16 98 15 25 65 83 58 73 56 86 32 12 53 21 74 41 
 29 47 28 62 43 8 77 81 80 44 67 92 48 27 97 82 94 4 70 71 85 93 69 20 49 75 26 66 22 87 57 24 95 51 50 6 68 72 11 60 36 42 33 1 39 84 78 10 17 9 96 91 88 45 99 13 31 23 35 59 18 15 3 2 40 34 61 76 54 19 14 0 5 63 30 64 79 90 37 46 89 55 38 7 16 98 65 25 83 58 73 56 86 32 12 53 21 74 52 41 
 56 44 11 28 8 91 43 45 92 46 48 17 62 77 81 72 40 27 85 68 53 24 57 33 1 75 94 70 42 93 69 20 22 26 66 49 87 97 29 32 47 36 6 50 95 51 10 35 9 96 80 88 67 99 13 31 23 39 60 59 89 18 15 52 61 82 34 2 76 54 19 78 14 0 84 63 30 64 79 5 16 37 55 71 7 4 38 98 65 25 83 58 3 73 86 12 41 21 74 90 
 56 38 28 11 61 91 53 77 81 43 59 44 31 92 46 48 65 27 97 82 80 40 34 26 76 19 4 68 94 49 42 70 29 95 51 36 88 66 54 24 41 57 8 85 6 50 72 33 39 67 99 13 47 45 84 60 18 23 71 10 7 55 93 17 35 62 52 5 83 98 78 0 89 63 30 79 64 14 16 37 73 58 90 22 20 9 69 15 86 2 1 75 32 12 96 87 21 74 25 3 
 56 47 28 11 43 92 45 6 31 84 66 35 44 48 27 97 57 77 81 80 85 4 82 94 70 42 51 95 8 60 18 9 89 46 26 34 29 75 49 40 91 72 2 76 54 19 39 93 69 78 53 1 68 63 24 33 50 36 59 62 96 0 41 79 64 37 55 67 99 13 38 16 7 14 5 30 88 20 71 23 98 65 25 15 83 17 58 90 22 61 73 10 86 32 12 87 21 74 52 3 
 91 38 28 11 61 56 53 77 81 43 59 44 31 92 46 48 65 27 97 82 80 40 34 26 76 19 4 68 94 49 42 70 29 95 51 36 88 66 54 24 41 57 84 85 6 50 72 33 39 67 99 13 47 45 8 60 18 23 71 10 7 55 93 17 35 62 25 5 83 98 78 0 89 63 30 79 64 90 14 16 37 73 58 22 20 9 69 15 86 2 1 75 32 12 96 87 21 74 52 3 
 44 92 28 8 56 43 45 11 48 17 62 77 81 68 26 80 91 46 53 40 1 97 57 85 75 94 70 42 93 69 20 22 66 49 87 24 29 32 47 36 6 50 95 51 10 35 9 96 34 88 67 99 13 31 23 39 60 59 18 15 52 61 89 27 33 82 72 2 76 54 19 78 14 0 84 63 30 64 79 5 16 37 55 71 7 4 38 98 65 25 83 58 3 73 86 12 41 21 74 90 
 91 44 11 28 8 43 45 92 46 48 17 62 77 81 50 40 84 26 68 53 97 57 71 85 1 75 94 70 42 93 69 20 22 27 66 49 24 29 47 36 6 80 95 51 10 35 9 96 72 88 67 99 13 31 23 39 60 59 18 15 52 61 82 34 2 76 54 19 78 14 0 63 30 64 79 5 16 37 33 7 4 38 98 65 25 83 58 3 86 41 74 73 56 32 12 89 55 87 21 90 
 56 47 28 11 43 84 45 6 57 66 92 31 52 48 35 73 9 46 20 27 97 26 77 81 80 44 90 34 63 4 75 94 70 42 49 50 95 51 40 8 76 82 54 19 85 2 60 39 68 18 91 59 36 29 72 93 69 78 53 1 24 33 62 96 0 41 79 64 37 55 67 99 13 38 7 16 14 5 30 88 71 23 98 65 25 15 83 17 58 22 61 10 86 32 12 87 21 74 89 3 
 40 47 28 62 43 8 77 81 80 44 67 92 48 27 97 82 94 4 70 71 85 93 69 20 49 75 24 66 64 87 57 26 95 51 50 6 68 72 11 60 36 42 33 1 39 84 78 10 17 9 96 91 88 45 99 13 31 23 35 59 18 15 52 2 29 34 61 76 54 19 14 0 89 63 30 79 22 90 37 46 5 55 38 7 16 98 65 25 83 58 73 56 86 32 12 53 21 74 3 41 
 44 11 28 8 43 47 45 48 39 77 81 80 40 27 97 57 71 85 1 75 94 70 42 93 69 20 22 52 66 49 82 72 60 84 4 92 41 24 33 50 62 74 68 36 6 95 51 10 17 9 96 91 88 67 99 13 31 23 35 15 18 59 26 2 29 34 61 76 54 19 78 14 0 89 63 30 79 64 5 38 7 16 98 65 25 83 58 90 37 46 73 56 86 32 12 53 55 87 21 3 
 56 38 28 11 61 91 53 77 81 43 59 44 31 92 46 48 65 27 97 82 80 40 34 26 76 19 4 68 94 49 42 70 29 95 51 36 88 66 54 24 41 57 84 85 6 50 72 33 39 67 99 13 47 45 8 60 18 23 71 10 7 55 93 17 35 62 52 5 83 98 78 0 89 63 30 79 64 14 16 37 73 58 90 22 20 9 69 15 86 2 1 75 32 12 96 87 21 74 25 3 
 56 47 28 11 39 91 53 77 81 43 59 44 31 92 48 27 97 82 80 40 34 26 76 19 4 68 94 49 42 70 29 95 51 36 88 66 54 24 41 57 84 85 6 50 86 33 61 67 99 13 38 45 8 60 18 23 71 10 7 55 93 35 62 5 78 0 89 63 30 79 64 14 16 37 73 58 90 22 20 15 98 65 25 83 17 9 46 69 72 2 1 75 32 12 96 87 21 74 52 3 
 56 47 28 11 68 43 84 45 77 80 6 60 31 92 8 66 20 59 48 27 97 57 46 34 26 67 39 36 81 75 94 70 42 49 29 95 51 40 52 76 82 54 19 85 2 50 91 35 9 96 72 93 69 79 53 63 89 24 33 44 62 0 64 71 55 99 13 38 7 16 14 5 30 88 23 98 65 25 15 83 17 78 37 4 87 21 58 90 22 61 73 10 86 32 12 1 41 74 18 3 
 56 47 28 11 43 92 45 6 31 84 66 35 44 48 27 97 57 77 81 80 85 4 82 94 70 42 51 95 8 60 18 9 89 46 26 34 29 75 49 40 91 72 2 76 54 19 39 93 69 78 53 1 63 68 24 33 50 36 59 62 96 0 41 79 64 37 55 67 99 13 38 16 7 14 5 30 88 20 71 23 98 65 25 15 83 17 58 90 22 61 73 10 86 32 12 87 21 74 52 3 
 56 44 11 28 8 43 25 45 31 92 62 77 81 84 68 26 40 1 97 87 71 93 75 94 70 42 85 69 20 22 47 35 80 91 46 53 57 27 66 49 24 82 32 99 36 6 50 95 51 10 18 9 96 72 88 2 48 13 60 23 39 59 17 15 52 61 29 34 67 76 54 19 78 14 0 89 63 30 64 79 5 21 37 55 33 7 4 38 98 65 83 58 90 73 86 12 41 16 74 3 
 40 47 28 62 43 8 77 81 80 44 67 92 48 27 97 82 4 71 85 49 66 87 57 24 95 51 50 75 94 70 42 93 69 20 22 26 6 68 72 11 60 36 33 1 39 84 78 10 17 9 96 91 88 45 99 13 31 23 35 59 18 65 3 2 29 34 61 76 54 19 14 0 89 63 30 79 64 90 5 46 37 55 38 7 16 98 15 25 83 58 73 56 86 32 12 53 21 74 52 41 
 56 47 28 11 68 43 84 45 77 80 6 60 31 92 8 66 20 59 48 27 97 57 46 34 26 67 39 36 81 75 94 70 42 49 29 95 51 40 18 76 82 54 19 85 2 50 91 35 9 96 72 93 69 79 53 63 89 24 33 44 62 0 64 71 55 99 13 38 7 16 14 5 30 88 23 98 65 25 15 83 17 78 37 4 87 21 58 90 22 61 73 10 86 32 12 1 41 74 52 3 
 56 47 28 11 61 91 53 77 81 43 59 44 31 92 46 48 35 27 97 82 80 40 34 26 76 19 4 68 94 49 42 70 29 95 51 36 88 66 54 24 41 57 84 85 6 50 72 33 39 67 99 13 38 45 8 60 18 23 71 10 7 55 93 17 65 62 25 96 83 98 78 0 89 63 30 79 64 14 16 37 73 58 90 22 20 9 69 15 86 2 1 75 32 12 5 87 21 74 52 3 
 56 47 28 11 91 43 84 68 45 6 57 66 92 31 52 48 35 93 27 97 26 85 33 80 44 90 34 63 4 75 94 70 42 49 29 95 51 40 8 76 82 54 19 77 2 60 39 72 18 89 24 81 50 36 7 88 5 59 20 69 55 96 0 41 79 64 37 23 71 62 67 99 13 38 1 30 16 14 78 15 98 65 25 83 17 9 46 58 73 10 22 61 86 32 12 53 87 21 3 74 
 56 47 28 11 91 43 84 45 6 57 66 27 31 52 48 35 92 97 26 77 81 80 44 90 34 4 75 94 70 42 49 29 95 51 40 8 76 82 54 85 2 60 72 18 89 19 39 93 69 78 53 1 63 68 24 33 50 36 59 62 96 0 41 79 64 37 55 67 99 13 38 16 7 14 5 30 88 20 71 23 98 65 25 15 83 17 9 46 58 73 10 22 61 86 32 12 87 21 3 74 
 40 47 28 62 43 8 77 81 80 44 18 48 27 97 82 71 85 49 66 87 57 24 95 51 50 75 94 70 42 93 69 20 22 26 6 68 72 3 60 36 1 39 84 10 17 9 96 88 45 99 13 31 23 11 90 46 61 59 92 35 15 52 91 2 29 34 67 76 54 19 78 14 0 89 63 30 64 79 5 16 37 55 33 7 4 38 98 65 25 83 58 73 56 86 32 12 53 21 74 41 
 44 11 28 8 43 47 45 48 77 81 80 27 38 57 71 85 1 75 94 33 40 70 42 93 69 20 22 26 66 49 82 72 60 84 4 41 92 24 50 62 68 36 6 86 95 51 10 17 9 96 88 67 99 13 31 23 39 59 18 35 15 52 91 2 29 34 61 76 54 19 14 90 53 63 30 79 64 0 5 46 37 78 74 97 7 16 98 65 25 83 58 73 56 32 12 89 55 87 21 3 
 56 44 11 28 8 91 43 47 45 31 92 46 48 62 77 81 84 27 97 57 85 93 69 68 99 26 66 87 53 4 75 94 70 42 49 29 95 51 40 80 76 24 82 36 6 50 35 9 96 72 67 60 39 3 18 52 34 2 54 19 78 0 14 63 64 79 37 55 33 13 38 7 16 5 89 30 88 20 71 23 98 65 25 15 83 17 58 90 22 61 73 10 86 32 12 1 41 21 74 59 
 29 47 28 62 43 8 77 81 80 44 67 92 48 27 97 82 94 4 70 71 85 93 69 20 49 75 26 66 22 87 57 24 95 51 50 6 68 72 11 60 36 42 33 1 39 84 78 10 17 9 96 91 88 45 99 13 31 23 35 59 18 15 3 2 40 34 61 76 54 19 14 0 89 63 30 79 64 90 37 46 5 55 38 7 16 98 65 25 83 58 73 56 86 32 12 53 21 74 52 41 
 56 47 28 11 61 7 91 53 77 81 43 59 44 31 14 46 48 35 10 27 97 67 34 26 68 88 66 36 92 4 75 94 70 42 49 29 95 51 40 8 76 80 54 19 85 2 60 39 84 45 82 24 41 57 6 50 72 63 33 12 99 13 38 30 18 58 93 78 17 64 5 62 0 55 79 15 65 25 23 16 83 98 73 71 90 22 20 9 69 86 1 32 96 87 21 74 52 37 89 3 
 56 44 11 28 8 91 43 25 45 31 92 46 53 48 35 62 77 81 80 40 84 27 97 57 94 70 71 85 93 69 20 22 75 61 66 49 87 24 7 32 68 36 6 50 95 51 10 17 9 96 72 88 2 99 13 60 23 39 59 18 15 52 26 29 34 67 76 54 19 78 14 0 89 63 30 64 79 5 16 37 55 33 82 4 38 98 65 47 83 58 90 42 1 73 86 12 41 21 74 3 
 44 11 28 8 43 47 45 48 39 77 81 80 40 27 97 57 71 85 1 75 94 70 42 93 69 20 22 26 66 49 82 72 60 84 4 92 41 24 33 50 62 74 68 36 6 95 51 10 17 9 96 91 88 67 99 13 31 23 35 59 18 15 52 2 29 34 61 76 54 19 78 14 0 89 63 30 79 64 5 38 7 16 98 65 25 83 58 90 37 46 73 56 86 32 12 53 55 87 21 3 
 25 60 8 6 18 91 40 22 90 34 87 71 70 1 75 84 2 44 81 50 17 65 62 10 47 15 11 56 16 19 7 24 53 61 74 27 93 3 58 14 5 79 12 42 4 82 97 57 89 55 67 13 9 20 59 26 72 94 49 68 80 77 36 83 92 31 52 69 38 33 46 21 37 76 85 29 43 45 48 28 98 35 73 88 86 30 64 78 0 39 23 96 66 41 63 54 95 51 99 32 
 25 60 36 96 44 83 51 62 91 0 9 40 22 90 34 87 27 71 70 38 57 33 37 26 81 8 50 86 47 31 6 10 65 15 84 23 14 11 63 13 17 16 49 69 75 58 72 92 77 95 42 4 82 97 7 24 89 55 94 67 54 20 53 61 59 56 68 1 5 79 52 12 76 85 29 43 45 48 28 98 32 35 73 93 21 18 80 99 2 3 39 30 19 41 46 74 88 78 66 64 
 25 44 18 98 91 67 87 85 71 27 1 50 86 17 47 28 59 61 74 3 58 14 5 2 42 70 24 37 55 21 7 16 90 22 88 41 64 35 62 10 73 31 45 8 60 92 0 19 84 11 12 75 93 69 53 40 20 56 26 72 94 49 76 68 80 77 36 83 23 15 81 6 38 57 33 97 89 34 9 65 52 46 29 79 96 48 78 30 63 66 4 82 13 43 39 54 95 51 99 32 
 66 0 71 73 22 62 92 58 18 98 9 25 65 3 52 15 91 50 11 59 46 34 90 74 69 35 37 55 88 54 26 2 42 24 70 38 67 16 20 61 60 57 31 44 10 83 89 7 53 6 8 84 47 86 33 45 28 81 94 49 68 80 77 36 43 72 75 40 56 14 23 93 97 5 12 87 17 48 78 21 79 41 19 85 96 76 39 63 4 82 13 29 95 51 99 32 1 64 30 27 
 25 44 47 86 28 74 27 97 71 58 18 98 9 65 3 52 43 91 50 67 1 59 46 34 54 2 42 37 24 70 55 21 7 16 90 22 88 41 64 35 62 10 73 31 45 8 60 92 0 19 84 11 12 75 93 69 40 20 56 26 72 53 61 94 49 76 68 80 77 36 83 23 15 81 6 63 38 57 33 99 17 48 78 89 87 5 79 96 30 66 4 82 29 95 51 32 85 13 39 14 
 25 60 8 44 18 98 56 10 15 85 7 58 40 22 90 34 27 70 29 1 33 26 45 50 86 47 62 36 17 31 28 11 19 49 24 61 74 3 68 72 92 9 91 80 59 69 53 93 75 37 14 5 79 12 42 4 82 57 89 55 94 67 20 13 77 65 83 52 84 76 23 43 81 6 66 38 97 71 87 16 30 46 21 88 48 2 64 78 35 73 0 39 96 41 63 54 95 51 99 32 
 25 60 36 96 44 83 51 62 91 0 9 40 22 90 34 87 27 71 70 38 57 33 37 48 81 8 50 86 47 31 6 10 65 15 84 30 14 11 63 59 17 16 49 69 75 58 72 92 77 95 42 4 82 97 7 24 89 55 94 67 54 20 53 61 13 56 68 1 5 79 52 12 76 85 29 21 32 43 45 26 28 98 35 73 93 78 18 80 99 2 3 23 39 19 41 46 74 88 66 64 
 25 60 8 44 18 98 56 10 15 85 58 40 22 90 34 27 70 29 1 57 26 81 45 50 86 47 62 6 36 17 31 28 11 19 49 61 74 3 68 72 92 9 91 80 59 48 53 93 75 37 14 5 79 12 97 7 24 89 33 42 4 82 55 94 67 20 13 77 65 83 52 84 76 38 71 87 16 30 46 21 88 43 69 2 64 78 35 73 0 39 23 96 66 41 63 54 95 51 99 32 
 25 26 47 43 28 27 97 71 58 18 98 9 65 3 52 15 91 10 67 59 46 34 54 2 42 24 70 55 21 37 7 16 90 22 88 74 64 17 62 50 19 73 31 8 60 92 0 45 11 20 44 81 12 75 93 69 53 94 56 40 61 33 49 1 29 77 72 68 80 36 83 86 6 76 85 89 87 38 57 41 23 35 30 79 96 48 78 5 63 66 4 82 13 95 51 99 32 84 39 14 
 25 60 6 96 44 83 51 36 91 0 75 40 22 90 16 87 27 71 70 1 57 33 12 26 81 8 50 86 47 31 62 10 65 15 84 30 14 11 63 59 17 34 49 69 21 72 92 77 95 42 4 82 97 7 24 89 55 94 67 41 20 53 61 13 68 32 56 58 38 5 79 52 37 88 93 46 76 80 85 29 43 45 48 28 98 35 73 9 18 99 2 3 23 39 19 54 74 78 66 64 
 26 47 43 28 27 97 71 58 18 3 9 25 65 98 52 15 91 50 11 59 46 54 34 2 39 24 70 55 21 37 7 16 90 22 88 74 64 17 62 10 19 73 31 8 60 92 0 45 67 20 44 81 12 75 93 69 53 94 56 40 61 33 49 1 29 77 72 68 80 36 83 86 6 76 85 89 87 38 57 41 23 35 5 79 96 48 78 30 63 66 4 82 13 95 51 99 32 84 42 14 
 52 3 18 74 97 14 58 71 44 25 15 20 69 37 91 19 47 86 81 67 56 2 59 61 27 70 42 24 55 21 53 0 7 16 90 22 88 41 64 35 62 10 73 31 46 54 28 50 8 60 92 9 65 98 26 34 40 45 33 11 94 49 1 75 29 77 72 68 80 36 83 43 12 6 76 85 89 87 38 57 23 17 93 5 79 96 48 78 30 63 66 4 82 13 95 51 99 32 84 39 
 66 27 71 73 22 62 92 58 18 98 9 25 65 3 52 15 91 50 11 59 46 26 90 74 69 35 37 55 88 54 34 2 42 24 70 38 67 14 20 61 60 57 31 44 10 83 89 7 53 6 8 84 47 86 33 45 28 81 94 49 68 80 77 36 43 72 75 40 56 16 23 93 97 5 96 87 17 48 78 21 79 41 19 85 12 76 39 63 4 82 13 29 95 51 99 32 1 64 30 0 
 66 0 71 73 22 62 92 58 18 98 9 25 65 3 52 15 91 50 11 59 46 34 90 74 69 35 37 55 88 54 26 2 42 24 70 38 67 14 20 61 60 57 31 44 10 83 89 7 53 6 8 84 47 86 33 45 28 81 94 49 68 80 77 36 43 72 75 40 56 16 23 93 97 5 12 87 17 48 78 21 79 41 19 85 96 76 39 63 4 82 13 29 95 51 99 32 1 64 30 27 
 25 44 47 86 66 41 27 97 71 58 18 98 9 65 3 52 34 16 90 22 46 62 91 74 69 37 55 88 54 24 59 14 20 61 60 57 31 10 17 15 73 50 67 1 19 78 0 35 26 82 2 42 70 38 89 7 53 6 8 84 33 45 28 81 94 49 68 77 36 43 29 75 40 56 83 23 93 5 96 92 11 72 12 76 85 87 79 48 21 30 63 4 80 13 95 51 99 32 39 64 
 25 60 8 81 18 98 91 40 70 22 90 34 64 69 37 85 71 1 75 84 2 44 6 50 48 17 65 62 10 47 15 28 11 56 16 19 7 24 53 61 74 27 93 3 58 14 5 79 12 42 4 82 97 57 89 55 67 13 9 20 59 26 72 94 49 76 68 80 77 36 83 92 31 52 38 33 46 21 88 29 43 45 86 30 87 78 35 73 0 39 23 96 66 41 63 54 95 51 99 32 
 25 26 47 43 28 27 97 71 58 18 98 9 65 3 52 15 91 10 67 59 46 34 54 2 42 24 70 55 21 37 7 16 90 22 88 74 64 17 62 50 19 73 31 8 60 92 0 45 11 20 44 81 12 75 93 69 53 94 56 40 61 33 49 1 29 77 72 68 80 36 83 86 6 76 85 89 87 38 57 41 23 35 5 79 96 48 78 30 63 66 4 82 13 95 51 99 32 84 39 14 
 25 44 47 86 28 74 27 97 71 58 18 98 9 65 3 52 15 91 50 67 1 59 46 34 54 2 42 37 24 70 55 21 7 16 90 22 88 41 64 35 62 10 73 31 45 8 43 92 0 19 84 11 12 75 93 69 53 40 20 56 26 72 94 49 76 68 80 77 36 83 23 60 81 6 66 38 57 33 99 17 48 78 89 87 5 79 96 30 63 4 82 61 29 95 51 32 85 13 39 14 
 26 47 43 28 27 97 71 58 18 98 9 25 65 3 52 15 91 50 11 59 46 34 54 2 80 67 42 24 70 55 21 37 7 16 90 22 1 74 64 17 62 10 19 73 31 8 60 92 0 45 20 44 81 12 75 93 69 53 94 56 40 61 33 49 88 29 32 72 68 36 83 86 6 76 85 89 87 38 57 41 23 35 5 79 96 48 78 30 63 66 4 82 13 99 95 51 77 84 39 14 
 52 3 18 74 97 14 58 71 44 88 25 15 20 69 37 91 31 19 10 47 86 81 67 54 82 59 61 27 70 33 24 55 21 53 0 7 16 90 22 46 62 56 73 28 50 8 60 92 9 65 35 98 26 34 40 45 66 11 94 49 1 75 29 77 72 68 80 36 83 43 12 6 76 85 89 87 38 57 41 23 17 93 5 79 96 48 78 30 63 42 4 2 13 95 51 99 32 84 39 64 
 66 0 71 73 22 62 92 58 18 98 9 25 65 3 52 15 91 50 46 59 11 34 90 74 69 35 37 55 88 54 26 2 42 24 70 38 67 14 20 61 60 57 31 44 10 83 89 7 53 6 8 84 47 86 33 45 28 81 94 49 68 80 77 36 43 72 75 40 56 16 23 93 97 5 96 87 17 48 78 21 79 41 19 85 12 76 39 63 4 82 13 29 95 51 99 32 1 64 30 27 
 66 0 71 73 22 62 92 58 18 98 9 25 65 3 52 15 91 50 11 59 46 34 90 74 69 35 37 55 88 54 26 2 42 24 70 38 67 14 20 61 60 57 31 44 10 83 89 7 53 6 8 84 47 86 33 45 28 81 94 49 68 80 77 36 43 72 75 40 56 16 23 93 97 5 96 87 17 48 78 21 79 41 19 85 12 76 39 63 4 82 13 29 95 51 99 32 1 64 30 27 
 25 60 8 96 44 83 51 6 23 0 9 40 22 90 34 87 27 71 70 1 57 55 37 26 84 36 32 81 50 86 43 31 62 10 80 15 30 14 19 63 59 17 16 49 69 75 68 72 92 77 95 42 4 82 97 7 24 89 33 94 67 54 20 53 61 13 56 58 38 5 79 52 12 76 85 29 47 45 48 28 98 35 73 93 78 18 65 99 2 3 91 39 11 41 46 74 88 21 66 64 
 25 60 8 44 18 98 56 10 15 85 7 58 40 22 90 34 27 70 29 1 57 33 26 81 45 50 86 47 62 6 36 17 31 28 11 19 49 24 61 74 3 68 72 92 9 91 80 59 69 53 93 75 37 14 5 79 12 42 4 82 97 89 55 94 67 20 13 77 65 83 52 84 76 38 71 87 16 30 46 21 88 43 48 2 64 78 35 73 0 39 23 96 66 41 63 54 95 51 99 32 
 25 60 36 96 44 83 51 62 91 0 9 40 22 90 34 87 27 71 70 38 57 33 37 26 81 8 50 86 47 31 6 10 65 15 84 30 14 11 63 59 17 16 49 69 75 58 72 92 77 95 42 4 82 97 7 24 89 55 94 67 54 20 53 61 13 56 68 1 5 79 52 12 76 85 29 43 45 48 28 98 32 35 73 93 21 18 80 99 2 3 23 39 19 41 46 74 88 78 66 64 
 25 44 18 98 91 34 87 85 71 27 1 50 86 17 47 28 59 61 74 3 58 14 5 79 4 2 42 70 24 37 55 21 7 16 90 22 88 41 64 35 62 10 73 31 45 8 60 92 0 19 84 11 12 75 93 69 53 40 20 56 26 72 94 49 76 68 80 77 36 83 23 15 81 6 66 38 57 33 82 97 89 67 13 9 65 52 46 29 43 48 30 78 39 96 63 54 95 51 99 32 
 26 47 43 28 27 97 71 58 18 98 9 25 65 3 52 15 91 50 11 59 46 34 54 2 80 24 70 55 21 37 7 16 90 22 88 74 64 17 62 10 19 73 31 8 60 92 0 45 67 20 44 81 12 75 93 69 53 94 56 40 61 33 49 1 29 77 72 68 39 36 83 86 6 76 85 89 87 38 57 41 23 35 5 79 96 48 78 30 63 66 4 82 13 95 51 99 32 84 42 14 
 25 60 36 96 44 83 51 6 91 0 9 40 22 90 34 87 27 71 70 38 57 33 37 26 81 8 50 86 47 31 62 10 65 15 84 30 14 11 63 59 17 16 49 69 75 58 72 92 77 95 42 4 82 97 7 24 89 55 94 67 54 20 53 61 13 56 68 1 5 79 52 12 76 85 29 43 45 48 28 98 32 35 73 93 21 18 80 99 2 3 23 39 19 41 46 74 88 78 66 64 
 25 44 47 86 28 27 97 74 71 58 18 98 9 65 3 52 15 91 50 67 1 59 46 34 54 2 42 37 24 70 55 21 7 16 90 22 88 41 64 35 62 10 73 31 45 8 60 92 0 19 84 11 12 75 93 69 53 40 20 56 26 72 94 49 76 68 80 77 36 83 23 43 81 6 66 38 4 33 99 17 48 78 89 87 5 79 96 30 63 57 82 61 29 95 51 85 32 13 39 14 
 25 27 97 71 58 18 98 9 65 3 15 91 46 55 21 37 16 90 22 88 74 64 54 26 50 2 42 24 70 38 67 19 14 20 61 60 57 31 44 52 10 17 89 7 53 34 6 8 84 47 86 33 45 28 81 94 49 68 80 77 36 43 72 75 40 56 83 62 59 73 92 0 11 12 93 69 1 29 76 85 87 41 23 35 5 79 96 48 78 30 63 66 4 82 13 95 51 99 32 39 
 52 3 18 74 97 14 58 71 44 88 25 15 20 69 37 91 31 19 10 47 86 81 67 54 2 59 61 27 70 33 24 55 21 53 0 7 16 90 22 46 62 56 73 28 50 8 60 92 9 65 35 98 26 34 40 45 66 11 94 49 1 75 29 77 72 68 80 36 83 43 12 6 76 85 89 87 38 57 41 23 17 93 5 79 96 48 78 30 63 42 4 82 13 95 51 99 32 84 39 64 
 25 44 47 86 28 41 37 97 71 58 18 98 9 65 3 52 15 91 50 67 1 59 2 46 54 42 27 24 70 55 21 7 16 90 22 88 74 34 64 35 62 10 19 73 31 8 45 60 92 0 84 11 12 75 93 69 53 40 20 56 26 72 94 49 85 68 80 77 36 83 23 43 81 6 66 38 57 33 99 17 48 78 89 87 5 79 96 30 63 4 82 61 29 95 51 32 76 13 39 14 
 25 44 47 86 66 41 27 97 71 58 18 98 9 65 3 52 15 73 50 67 1 19 78 0 16 90 22 46 62 91 74 69 35 37 55 88 54 26 80 2 42 24 70 38 59 14 20 61 60 57 31 10 17 89 7 53 34 6 8 84 33 45 28 81 43 49 68 77 36 94 29 75 40 56 83 23 93 5 96 92 11 72 12 76 85 87 79 48 21 30 63 4 82 13 95 51 99 32 39 64 
 26 47 43 28 27 97 71 58 18 98 9 25 65 3 52 15 91 50 11 59 46 34 54 2 39 24 70 55 21 37 7 16 90 22 88 74 64 17 62 10 19 73 31 8 60 92 0 45 67 20 44 81 12 75 93 69 53 94 56 40 61 33 49 1 29 77 72 68 80 36 83 86 6 76 85 89 87 38 57 41 23 35 5 79 96 48 78 30 63 66 4 82 13 95 51 99 32 84 42 14 
 25 44 47 86 67 27 97 71 58 18 98 9 65 3 52 15 91 50 28 1 59 2 56 34 42 37 24 70 55 21 7 16 90 4 88 74 62 10 19 31 8 60 92 45 84 11 12 75 93 69 53 40 20 46 26 72 94 49 76 68 80 77 36 83 43 81 6 85 38 57 33 17 89 87 5 79 48 30 22 82 61 29 13 14 64 78 35 73 0 39 23 96 66 41 63 54 95 51 99 32 
 25 44 47 86 66 41 27 97 71 58 18 98 9 65 3 52 15 73 50 67 1 19 78 0 16 90 22 46 62 91 74 69 35 37 55 88 54 26 80 2 42 24 70 38 59 14 20 61 60 57 31 10 17 89 7 53 34 6 8 84 33 45 28 81 94 49 68 77 36 43 29 75 40 56 83 23 93 5 96 92 11 72 12 76 85 87 79 48 21 30 63 4 82 13 95 51 99 32 39 64 
 25 44 47 86 28 41 27 97 71 58 18 98 9 65 50 52 15 91 3 67 1 59 2 46 54 42 37 4 70 55 21 7 16 90 22 88 74 34 64 35 62 10 19 73 31 8 60 92 45 84 12 75 93 69 53 40 20 56 26 72 94 49 76 68 80 77 36 83 23 43 81 6 66 82 57 33 99 13 11 0 48 17 89 87 5 79 96 29 30 63 24 38 61 78 95 51 32 85 14 39 
 25 44 47 86 28 41 27 97 71 58 18 98 9 65 3 52 15 91 50 67 1 59 2 46 54 42 37 24 70 55 21 7 16 90 22 88 74 34 64 35 62 10 19 73 31 8 45 60 92 0 84 11 12 75 93 69 53 40 20 56 26 72 94 49 85 68 80 77 36 83 23 43 81 6 66 38 57 33 99 17 48 78 89 87 5 79 96 30 63 4 82 61 29 95 51 32 76 13 39 14 
 26 47 43 28 27 97 71 58 18 98 50 65 3 52 15 91 9 67 59 46 34 54 2 42 24 70 55 21 37 7 16 90 22 88 74 64 17 62 10 19 73 31 8 60 92 0 45 11 20 44 81 12 75 93 69 53 94 56 40 61 33 49 1 29 32 72 68 80 36 83 86 6 76 85 89 87 38 57 41 23 35 5 79 96 48 78 30 63 66 4 82 13 99 95 51 25 77 84 39 14 
 52 3 18 74 97 14 58 71 44 88 25 15 20 69 37 91 31 19 10 86 81 67 54 2 59 61 70 42 24 55 78 53 0 7 16 90 22 46 62 56 73 28 50 8 60 92 9 65 35 98 26 11 47 45 40 34 33 27 94 49 1 75 29 77 72 68 80 36 83 43 12 6 76 85 89 87 38 57 41 23 17 93 5 79 96 48 21 30 63 66 4 82 13 95 51 99 32 84 39 64 
 25 26 47 43 28 27 97 71 58 18 98 9 65 3 52 15 91 50 67 59 46 34 54 2 42 24 70 55 21 37 7 16 90 22 88 74 64 17 62 10 19 73 31 8 60 92 0 45 11 20 44 81 12 75 93 69 53 94 56 40 61 33 49 1 29 77 72 68 80 36 83 86 6 76 85 89 87 38 57 41 23 35 5 79 96 48 78 30 63 66 4 82 13 95 51 99 32 84 39 14 
 25 44 47 86 28 74 27 97 71 58 18 98 9 65 3 52 15 91 50 67 1 59 46 34 54 2 42 37 24 70 55 21 7 16 90 22 88 41 64 35 62 10 73 31 45 8 60 92 0 19 84 11 12 75 93 69 53 40 20 56 26 72 94 49 76 68 80 77 36 83 23 43 81 6 66 38 57 33 99 17 48 78 89 87 5 79 96 30 63 4 82 61 29 95 51 32 85 13 39 14 
 57 31 10 83 96 64 79 41 28 99 68 90 20 14 35 9 91 8 47 13 51 67 95 33 43 75 12 45 2 86 36 81 39 66 61 6 77 4 49 55 93 48 59 19 26 11 82 92 76 84 54 42 70 89 71 5 1 85 34 16 97 37 94 53 56 72 80 40 22 58 98 18 17 23 62 0 7 46 74 27 38 29 32 63 24 50 60 69 87 21 15 65 3 52 25 88 78 73 44 30 
 57 31 10 83 96 64 79 41 71 28 99 68 90 20 14 35 9 91 56 8 47 13 51 75 12 45 80 86 92 66 6 44 59 11 61 33 43 81 84 19 26 54 42 49 1 77 4 36 95 55 93 48 89 5 82 85 76 67 70 34 16 97 37 94 53 72 2 40 22 58 98 18 17 23 62 0 46 7 74 27 38 29 32 63 24 50 60 69 87 21 15 65 3 52 25 88 78 73 39 30 
 41 73 14 48 8 28 40 2 99 20 35 9 78 52 92 45 77 47 53 55 93 64 25 44 65 31 6 56 32 36 59 91 68 49 75 72 12 63 66 79 88 69 87 37 4 67 90 61 54 11 43 80 82 81 84 19 26 33 42 70 34 57 71 16 97 5 94 24 22 58 98 18 17 23 3 0 46 7 74 27 38 29 85 10 83 96 21 89 1 13 51 86 76 50 95 60 62 15 39 30 
 57 31 10 83 96 64 79 74 72 40 28 99 68 20 14 35 9 91 8 47 13 51 95 33 43 75 12 45 2 86 36 48 6 81 39 66 61 58 77 49 53 55 93 37 4 67 90 22 19 26 11 82 34 85 76 80 84 32 54 42 70 89 71 16 97 5 94 1 59 92 98 18 17 23 62 0 46 7 41 27 38 29 56 63 24 50 60 69 87 21 15 65 3 52 25 88 78 73 44 30 
 89 73 14 48 8 28 40 2 99 20 35 9 78 52 92 45 77 47 53 55 93 64 25 44 65 31 6 29 32 36 59 91 68 49 75 72 12 63 66 79 88 69 87 37 94 4 67 90 61 54 76 43 80 82 81 84 19 26 33 42 70 34 57 71 16 97 5 24 22 58 98 18 17 23 62 0 46 7 74 27 38 56 85 10 83 96 21 41 1 13 51 86 11 50 95 60 3 15 39 30 
 73 62 8 28 40 2 99 78 64 25 44 31 77 57 85 55 37 90 20 35 9 91 45 82 67 53 93 69 65 48 6 36 81 63 66 79 88 87 94 4 42 54 43 80 68 32 56 59 92 49 75 72 76 19 70 11 38 24 12 1 29 41 84 26 34 16 97 5 52 22 58 98 18 17 23 10 83 86 95 47 60 50 13 51 39 14 0 46 7 74 27 61 33 71 89 15 21 30 96 3 
 73 62 86 28 3 20 67 40 2 99 47 35 9 78 52 45 77 53 93 64 25 44 65 31 6 36 60 81 12 63 66 79 21 87 37 4 42 90 82 85 69 55 88 57 71 29 54 43 80 68 32 56 59 92 49 75 72 76 19 33 70 38 24 5 84 1 74 41 61 26 34 16 97 94 22 58 98 18 17 23 14 0 46 7 89 27 10 83 96 13 50 8 51 95 91 11 39 15 30 48 
 57 31 10 83 96 64 79 41 72 40 28 99 24 90 20 14 35 9 91 56 8 13 45 47 51 75 12 2 86 36 92 77 6 44 73 4 34 53 55 93 48 37 59 11 85 67 95 61 33 76 43 80 82 81 84 19 26 54 42 70 49 89 71 16 97 5 94 1 22 58 98 18 17 23 62 0 46 7 74 27 38 29 32 63 68 50 60 69 87 21 15 65 3 52 25 88 78 66 39 30 
 57 31 10 83 96 64 79 74 72 40 28 99 68 90 20 14 35 9 91 8 47 51 95 33 43 75 12 45 2 86 36 48 6 81 39 66 61 58 77 4 49 53 55 93 37 19 26 11 50 13 32 56 59 92 67 82 34 85 76 80 84 54 42 70 89 71 16 97 5 94 46 22 98 18 17 23 62 0 1 7 41 27 38 29 63 24 60 69 87 21 15 65 3 52 25 88 78 73 44 30 
 57 73 14 48 8 28 40 2 59 20 35 9 78 52 92 45 77 47 53 55 93 64 25 44 65 31 6 56 32 36 99 91 30 49 75 72 12 63 66 79 88 69 87 37 4 67 90 61 54 76 43 80 82 81 84 19 26 33 42 70 34 89 71 16 97 5 94 24 22 58 98 18 17 23 15 62 0 46 7 74 27 38 29 85 10 83 96 21 41 1 13 51 86 11 50 95 60 3 39 68 
 57 31 10 83 96 64 79 41 71 28 99 68 90 20 14 35 9 91 56 8 47 13 51 75 12 45 2 86 92 66 6 44 59 11 61 33 43 81 84 19 26 54 42 49 1 77 4 36 95 55 78 48 89 5 82 85 76 67 70 34 16 97 37 94 53 72 80 40 22 58 98 18 17 23 62 0 46 7 74 27 38 29 32 63 24 50 60 69 87 21 15 65 3 52 25 88 93 73 39 30 
 73 62 8 28 40 2 99 78 64 25 44 31 77 57 53 55 37 90 20 35 9 91 45 82 67 85 93 69 65 48 6 36 81 63 66 79 88 87 94 4 42 54 43 80 68 32 56 59 92 49 75 72 76 19 70 11 38 24 12 1 29 41 84 26 34 16 97 5 52 22 58 98 18 17 23 10 83 86 95 47 60 50 13 51 39 14 0 46 7 74 27 61 33 71 89 15 21 30 96 3 
 10 83 57 86 28 2 99 8 85 20 35 9 78 44 92 45 77 47 53 55 93 64 25 52 65 31 6 56 32 36 59 91 68 49 75 72 12 63 66 79 88 69 87 37 4 67 90 61 54 76 43 80 82 81 84 19 26 33 42 70 34 89 71 16 97 5 94 24 22 58 98 18 17 23 62 0 46 7 74 27 1 13 40 95 51 50 39 14 30 41 38 29 11 60 21 15 3 73 96 48 
 57 73 14 45 28 40 2 99 20 35 9 78 52 92 48 77 53 55 93 64 25 44 65 31 6 8 47 85 82 42 56 32 36 59 91 30 49 75 72 12 63 66 79 88 69 87 37 4 67 90 61 54 76 43 80 51 81 84 19 26 33 70 34 89 71 16 97 5 94 24 22 58 98 18 17 23 15 62 0 46 7 74 27 38 29 13 10 83 96 21 41 1 86 11 50 95 60 3 39 68 
 9 10 83 48 28 36 92 54 58 62 3 13 51 77 45 2 99 68 21 93 64 46 73 35 52 25 31 79 94 82 57 97 7 32 95 86 56 59 39 85 37 4 42 90 20 69 41 24 49 75 72 76 19 33 16 70 38 5 53 1 61 89 71 29 40 14 78 66 0 23 17 18 47 8 84 63 67 12 91 43 81 6 60 11 50 44 80 22 55 74 87 27 26 88 34 30 96 98 15 65 
 73 62 86 28 3 69 67 40 2 99 47 35 9 21 52 45 77 53 93 64 25 44 65 31 6 36 60 81 12 63 66 79 78 87 37 4 42 90 82 85 20 55 88 57 71 29 54 43 80 68 32 56 59 92 49 75 72 76 19 33 70 38 24 61 1 74 41 84 26 34 16 97 5 94 22 58 98 18 17 23 14 0 46 7 89 27 10 83 96 13 8 50 51 95 91 11 39 15 30 48 
 73 62 8 28 40 2 99 78 52 25 44 31 77 57 53 55 37 90 20 35 9 91 45 82 67 85 93 69 65 48 6 36 81 63 66 79 88 87 94 4 42 54 43 80 68 32 56 59 92 49 75 72 76 19 70 11 38 24 12 1 29 41 84 26 34 16 97 5 64 22 58 98 18 17 23 10 83 86 95 47 60 50 13 51 39 14 0 46 7 74 27 61 33 71 89 15 21 30 96 3 
 57 31 10 83 96 64 79 41 72 40 28 99 24 90 20 14 35 9 91 56 8 13 45 47 51 11 86 59 92 6 44 84 36 75 12 2 66 4 34 53 55 93 48 37 85 67 95 61 33 76 43 80 82 81 77 19 26 54 42 70 49 89 71 16 97 5 94 1 22 58 98 18 17 23 62 0 46 7 74 27 38 29 32 63 68 50 60 69 87 21 15 65 3 52 25 88 78 73 39 30 
 73 62 8 28 40 2 99 78 52 3 44 31 77 57 53 55 72 46 90 20 35 9 91 96 45 82 67 85 93 21 69 11 65 48 6 36 81 12 63 66 79 88 87 37 4 42 54 43 80 68 32 56 59 92 49 75 94 76 19 33 70 38 24 61 1 74 71 29 41 84 26 34 16 97 5 64 22 58 98 18 17 23 14 0 7 89 27 10 83 47 13 51 86 50 95 60 25 15 39 30 
 73 62 8 28 40 2 99 84 52 25 44 31 77 57 53 55 94 46 90 20 35 9 91 96 45 82 67 85 93 21 69 41 65 48 6 36 81 12 63 66 79 88 87 37 4 42 54 43 80 68 32 56 59 92 49 75 72 76 19 33 70 1 29 78 26 38 24 61 74 71 34 16 97 5 64 22 58 98 18 17 23 14 0 7 89 27 10 83 47 51 13 95 86 11 50 60 3 15 39 30 
 73 62 8 28 20 91 67 40 2 99 47 35 9 98 52 45 77 53 93 64 46 44 65 31 6 36 60 81 12 63 66 79 21 87 37 4 42 90 82 85 69 55 88 57 71 29 54 43 80 68 32 56 59 92 49 75 72 76 19 33 70 38 24 61 1 74 41 84 26 34 16 97 5 94 22 58 78 11 48 18 17 23 10 83 86 95 50 13 51 39 14 0 25 7 27 89 15 30 96 3 
 73 11 8 28 40 2 99 78 52 25 44 31 77 57 53 55 90 20 35 9 91 45 82 67 85 93 21 69 62 65 48 6 36 81 12 63 66 79 88 87 37 4 42 54 92 80 68 32 56 59 43 49 75 72 71 29 64 76 19 33 70 38 24 61 1 74 41 84 26 34 16 97 5 94 22 58 98 18 17 23 14 0 46 7 89 27 10 83 96 13 47 51 86 50 95 60 3 15 39 30 
 73 62 8 28 40 2 99 78 52 25 44 31 77 57 53 55 94 46 90 20 35 9 91 96 45 82 67 85 93 21 69 41 65 48 6 36 81 12 63 66 79 88 87 37 4 42 54 43 80 68 32 56 59 92 49 75 72 76 19 33 70 1 29 11 84 26 38 24 61 74 71 34 16 97 5 64 22 58 98 18 17 23 14 0 7 89 27 10 83 47 13 51 86 50 95 60 3 15 39 30 
 86 45 31 34 90 20 14 35 9 91 40 2 28 99 42 55 64 25 36 94 81 63 66 79 88 37 93 21 69 87 78 44 53 4 51 8 82 57 77 6 26 67 84 54 68 95 47 60 50 13 32 56 59 92 49 75 72 76 19 33 70 38 24 61 1 43 80 11 39 3 41 22 58 98 18 17 23 15 62 0 46 7 74 27 29 85 10 48 73 83 96 16 97 5 71 52 65 89 30 12 
 73 62 8 28 40 2 99 78 52 3 44 31 77 57 53 55 94 46 90 20 35 9 91 96 45 82 67 85 93 21 69 11 65 48 6 36 81 12 63 66 79 88 87 37 4 42 54 43 80 68 32 56 59 92 49 75 72 76 19 33 70 38 24 61 1 74 71 29 41 84 26 34 16 97 5 64 22 58 98 18 17 23 14 0 7 89 27 10 83 47 13 51 86 50 95 60 25 15 39 30 
 73 8 28 40 2 99 78 52 25 44 31 57 53 90 20 35 9 91 45 82 67 85 93 21 69 65 48 6 36 81 12 63 66 97 5 79 88 87 37 4 42 54 96 32 56 59 92 49 75 72 19 33 70 24 1 94 95 47 60 50 13 51 43 80 11 39 3 41 22 58 98 18 17 23 15 62 0 46 7 74 27 38 29 26 77 34 84 68 76 61 71 55 64 14 89 16 10 83 86 30 
 73 62 8 28 40 2 99 78 52 25 44 77 57 53 55 94 20 35 9 91 45 82 67 85 93 65 31 6 56 32 36 81 63 66 79 88 69 87 37 4 42 90 61 59 92 49 75 72 19 54 76 11 48 43 80 68 33 70 38 24 12 1 29 41 84 26 34 16 97 5 64 22 58 98 18 17 23 10 83 86 95 47 14 50 13 51 39 60 0 46 7 74 27 71 89 15 21 30 96 3 
 73 62 86 28 3 20 67 40 2 99 47 35 9 78 52 45 77 53 93 64 25 44 65 31 6 36 60 81 12 63 66 79 21 87 37 4 42 90 82 85 69 55 88 57 71 29 54 43 80 68 32 56 59 92 49 75 72 76 19 33 70 38 24 61 1 74 41 84 26 34 16 97 5 94 22 58 98 18 17 23 14 0 46 7 89 27 10 83 96 13 50 8 51 95 91 11 39 15 30 48 
 21 87 64 79 88 30 96 25 15 37 97 90 10 59 76 16 22 19 29 24 2 26 71 35 98 20 46 31 63 39 12 75 70 42 82 61 85 4 84 49 50 28 56 43 72 11 54 36 32 68 66 57 9 23 17 3 58 78 89 7 55 8 81 77 44 73 27 0 91 62 83 18 65 60 80 94 41 86 95 53 40 33 38 67 51 47 99 13 6 45 14 5 74 1 92 48 34 52 69 93 
 75 42 70 85 82 66 30 88 39 43 72 2 11 54 59 76 97 90 22 71 74 19 16 37 20 29 40 56 94 57 89 64 25 55 36 32 8 50 81 77 44 35 63 80 10 58 73 14 27 0 91 62 83 9 18 17 3 65 15 23 60 68 86 95 84 41 53 61 24 33 67 28 51 47 99 13 4 38 49 1 12 7 79 6 45 26 34 92 52 78 96 46 5 48 21 69 93 87 98 31 
 34 33 44 79 88 30 96 25 15 37 97 90 10 59 76 16 29 40 6 26 71 35 98 20 46 31 63 39 53 75 70 42 82 61 85 4 84 49 50 28 56 43 72 11 54 22 19 36 32 68 66 57 9 23 17 3 87 78 89 7 55 94 41 92 74 83 8 81 77 58 73 27 91 18 0 62 65 60 80 86 95 12 24 67 47 99 13 2 45 51 38 1 64 5 48 52 69 21 93 14 
 63 75 42 70 85 82 66 30 39 43 72 2 31 54 76 97 90 22 19 16 74 20 40 56 94 71 57 89 55 37 27 4 38 29 34 92 78 96 12 7 46 25 36 32 84 8 50 81 77 44 35 10 59 58 73 11 68 28 26 41 64 88 52 0 91 62 83 9 18 17 3 15 65 23 60 80 86 95 53 61 24 33 67 51 47 99 13 6 45 49 1 79 5 48 93 69 21 87 98 14 
 37 4 5 66 30 96 25 10 95 72 2 92 54 12 63 82 90 76 19 16 74 29 40 68 49 57 89 27 85 0 39 8 36 73 6 31 17 56 58 20 53 33 7 24 1 87 55 21 38 70 42 97 32 28 51 83 98 43 47 62 13 65 15 23 60 80 34 50 81 77 86 44 99 9 35 22 75 61 91 18 45 59 11 52 48 84 78 41 64 79 88 3 14 26 67 46 69 93 94 71 
 37 42 70 71 82 66 92 96 39 72 2 12 54 76 97 90 19 14 74 87 93 20 40 85 16 78 41 27 29 11 56 4 38 53 34 22 75 94 57 89 7 55 63 68 0 25 36 84 8 50 81 77 62 83 9 18 17 3 65 15 23 60 80 46 86 95 6 61 24 33 67 28 51 47 99 13 32 44 35 10 59 58 31 91 73 43 45 26 49 1 5 98 64 79 88 30 48 52 69 21 
 37 4 71 66 30 96 25 10 95 72 2 92 54 12 63 82 29 76 19 16 74 90 40 68 49 57 89 27 85 0 84 8 36 73 6 31 17 56 58 20 24 33 7 53 1 87 55 21 38 70 42 97 32 28 51 83 98 43 47 62 13 65 15 23 60 80 34 50 81 77 86 44 99 9 35 22 75 61 91 18 45 59 11 52 48 39 78 41 64 79 88 3 14 26 67 46 69 93 94 5 
 37 42 71 66 30 72 2 84 54 12 87 97 90 76 19 16 74 29 40 85 55 88 39 6 20 49 1 38 27 21 70 4 82 32 68 80 73 67 22 75 94 57 89 7 63 56 25 36 11 8 50 81 77 44 35 10 59 58 31 62 92 9 18 17 3 96 48 91 65 86 95 53 61 24 33 34 28 51 47 99 13 15 23 60 43 45 83 0 52 78 41 64 79 14 26 46 69 93 98 5 
 37 4 71 66 30 96 10 95 72 2 29 54 12 63 82 90 76 19 16 74 92 40 68 49 57 89 27 85 0 39 73 25 36 32 84 8 6 31 17 56 58 20 53 33 7 24 1 87 55 21 38 70 42 97 28 51 83 98 43 47 62 13 65 15 23 60 80 34 50 81 77 86 44 99 9 35 22 75 61 91 18 45 59 11 52 48 78 41 64 79 88 3 14 26 67 46 69 93 94 5 
 34 33 44 79 88 30 96 25 15 37 97 90 10 59 76 16 29 40 2 26 71 35 98 20 46 31 63 39 53 75 70 42 82 61 85 4 84 49 50 28 56 43 72 11 54 22 19 36 32 68 66 57 9 23 17 3 87 78 89 7 55 94 41 92 74 83 8 81 77 58 73 27 91 18 0 62 65 60 80 86 95 12 24 67 47 99 13 6 45 51 38 1 64 5 48 52 69 21 93 14 
 63 75 42 70 85 82 66 39 43 72 2 11 54 27 97 90 22 19 16 74 20 40 56 30 94 71 57 89 55 37 34 29 92 25 32 36 8 50 81 77 44 35 10 59 58 73 31 68 28 26 41 64 88 52 0 91 62 83 9 18 17 3 15 65 23 60 80 76 86 95 53 61 24 33 67 84 51 47 99 13 6 45 4 38 49 1 12 7 79 78 96 46 5 48 21 69 93 87 98 14 
 63 75 42 70 85 82 66 30 39 43 72 2 11 54 76 97 90 22 19 16 74 20 40 56 94 71 57 89 55 37 34 29 92 25 32 36 8 50 81 77 44 35 10 59 58 73 31 68 28 26 41 64 88 52 0 91 62 83 9 18 17 3 15 65 23 60 80 27 86 95 53 61 24 33 67 84 51 47 99 13 6 45 4 38 49 1 12 7 79 78 96 46 5 48 93 69 21 87 98 14 
 4 37 71 66 30 96 25 10 95 72 2 92 54 12 63 82 90 76 19 16 74 29 40 68 49 57 89 27 85 0 39 8 36 73 6 31 17 56 58 20 24 33 7 53 1 87 55 21 38 70 42 97 32 28 51 83 98 43 47 62 13 65 15 23 60 80 34 50 81 77 86 44 99 9 35 22 75 61 91 18 45 59 11 52 48 84 78 41 64 79 88 3 14 26 67 46 69 93 94 5 
 37 4 75 34 42 70 71 55 66 30 96 39 43 72 2 11 54 41 78 97 90 22 19 6 16 74 20 76 29 40 94 85 57 89 7 63 27 60 80 56 23 25 36 32 84 8 50 81 77 44 35 10 59 58 73 31 62 83 9 18 17 3 98 15 91 65 86 95 53 61 24 33 67 28 51 47 99 13 0 82 92 45 26 38 49 1 12 88 79 64 46 5 48 52 87 69 21 93 68 14 
 37 71 4 42 70 82 66 30 96 10 43 72 2 84 54 12 87 97 90 76 19 14 0 29 40 85 55 88 49 1 38 27 21 74 80 22 75 56 58 20 94 57 89 7 59 36 11 63 60 23 73 8 50 81 77 44 62 83 9 18 17 3 68 35 91 65 86 95 15 25 31 32 53 61 33 24 39 67 28 51 47 99 13 6 45 26 34 92 52 78 41 64 79 16 46 69 93 98 48 5 
 75 4 42 70 82 55 44 46 79 88 30 96 25 37 97 90 59 76 66 39 43 72 94 11 54 41 92 7 19 16 74 20 78 71 29 40 56 2 85 57 35 89 22 36 32 8 50 63 68 10 58 73 31 27 0 91 62 83 9 18 17 3 65 15 23 60 80 34 86 95 53 61 24 33 67 84 51 47 81 77 99 13 28 26 6 45 38 49 1 12 64 5 48 52 87 69 21 93 98 14 
 19 42 70 85 82 66 30 88 43 72 54 11 56 59 76 97 90 22 74 20 29 40 2 63 75 94 71 57 89 64 55 25 36 32 84 8 50 81 77 44 27 37 68 10 58 73 31 35 0 91 62 86 9 18 17 3 65 15 23 60 80 83 95 53 4 38 49 1 12 7 96 5 21 87 61 33 24 39 67 28 51 47 99 13 6 45 26 34 92 52 78 41 79 16 46 69 93 98 48 14 
 75 42 70 85 82 66 30 88 39 43 72 2 11 54 59 76 97 90 22 19 71 74 41 26 92 52 16 37 20 29 40 56 94 57 89 64 25 55 36 32 28 8 50 81 77 44 35 63 68 10 58 73 14 27 0 91 62 83 9 18 17 3 65 15 23 60 80 34 86 95 53 61 24 33 67 84 51 47 99 13 6 45 4 38 49 1 12 7 79 78 96 46 5 48 93 69 21 87 98 31 
 63 75 42 70 85 82 66 30 39 43 72 2 11 54 76 97 90 22 19 16 74 20 40 56 94 71 57 89 55 37 27 4 38 29 34 92 10 96 12 7 46 25 36 32 84 8 50 81 77 44 35 78 59 58 73 31 62 83 9 18 17 3 68 80 91 65 86 95 53 61 24 33 67 28 51 47 99 13 15 23 60 0 6 45 26 49 1 5 41 64 48 88 79 52 69 21 93 87 98 14 
 63 29 42 70 85 82 66 39 43 72 2 11 54 59 76 97 90 22 19 16 74 20 75 40 56 94 71 57 89 64 55 25 81 50 27 46 68 91 17 52 65 15 23 60 80 77 84 32 36 8 44 35 10 58 73 31 62 83 9 18 96 3 0 41 86 95 6 61 24 33 67 28 51 47 99 13 4 38 49 1 12 7 53 45 26 34 92 78 5 93 69 79 30 88 21 87 37 98 48 14 
 75 42 70 85 82 66 30 88 39 43 72 2 11 54 59 76 97 90 22 19 71 74 41 52 92 26 16 37 20 29 40 56 94 57 89 64 25 55 36 32 28 8 50 81 77 44 35 63 68 10 58 73 31 27 0 91 62 83 98 18 17 3 65 15 23 60 80 34 86 95 53 61 24 33 67 84 51 47 99 13 6 45 4 38 49 1 12 7 79 78 96 46 5 48 93 69 21 87 9 14 
 37 71 4 42 70 82 66 30 96 10 43 72 2 84 54 12 1 97 90 76 19 14 74 29 40 85 55 88 20 49 87 38 27 21 80 22 75 94 57 89 7 56 59 36 11 63 68 60 17 23 58 73 8 50 81 77 44 35 95 83 9 18 3 0 91 65 86 62 15 25 31 32 53 61 33 24 39 67 28 51 47 99 13 6 45 26 34 92 52 78 41 64 79 16 46 69 93 98 48 5 
 37 42 71 66 30 96 72 2 84 54 12 87 97 90 76 19 16 74 29 40 85 82 88 39 6 20 49 1 38 27 21 70 4 55 32 80 34 22 75 94 57 89 7 63 56 25 15 11 8 50 81 77 44 10 73 31 62 83 9 18 17 3 68 59 58 35 0 91 65 86 95 53 61 24 33 67 28 51 47 99 13 36 23 60 43 45 92 52 78 41 64 79 14 26 46 69 93 98 48 5 
 37 4 42 70 71 82 66 92 96 39 72 2 12 54 76 97 90 19 14 74 87 93 20 40 85 16 78 41 27 67 29 11 56 32 80 38 53 34 22 75 94 57 89 7 55 63 68 0 25 36 84 8 50 81 77 44 35 10 59 58 31 62 9 18 17 3 83 91 65 86 95 73 61 24 33 28 43 47 99 13 51 15 23 60 6 45 26 49 1 5 98 64 79 88 30 46 48 52 69 21 
 37 4 71 66 68 72 2 54 12 11 30 87 97 90 76 19 16 70 29 40 85 55 88 39 6 20 49 1 38 27 21 74 42 82 32 80 73 34 22 75 94 57 89 7 63 56 25 36 84 8 50 81 77 44 35 10 59 58 31 62 83 9 18 17 3 96 48 91 65 86 95 53 61 24 33 67 28 51 47 99 13 15 23 60 43 45 92 52 78 41 64 79 14 26 46 69 93 98 0 5 
 63 75 42 70 85 82 66 30 39 43 72 2 11 54 76 97 90 22 19 16 74 20 84 56 94 71 57 89 55 37 27 4 38 29 34 92 78 96 12 7 46 25 36 32 40 8 50 81 77 44 35 10 59 58 73 31 62 83 9 18 17 3 68 80 91 65 86 95 53 61 24 33 67 28 51 47 99 13 15 23 60 0 6 45 26 49 1 5 41 64 48 88 79 52 93 69 21 87 98 14 
 37 4 71 66 30 96 72 2 84 54 12 87 97 90 76 19 16 74 29 40 85 55 67 39 6 20 49 1 38 27 21 70 42 82 32 80 34 22 75 94 57 89 7 63 56 25 36 11 8 50 81 77 59 58 73 31 62 44 35 10 83 9 18 17 91 65 86 95 53 61 24 33 88 3 68 99 28 51 47 0 13 15 23 60 43 45 92 52 78 41 64 79 14 26 46 69 93 98 48 5 
 63 75 42 70 85 82 66 30 39 43 72 2 11 54 76 97 90 22 19 16 74 20 40 56 94 71 57 89 55 37 27 29 92 25 36 32 8 50 81 77 44 35 10 59 58 73 31 68 28 26 41 64 88 52 0 91 62 83 9 18 17 3 15 65 23 60 80 34 86 95 53 61 24 33 67 84 51 47 99 13 6 45 4 38 49 1 12 7 79 78 96 46 5 48 93 69 21 87 98 14 
 37 71 4 42 70 82 66 30 96 10 43 72 2 84 54 12 1 97 90 76 19 14 74 29 40 85 55 88 20 49 87 38 27 21 80 22 75 94 57 89 7 56 59 36 11 63 68 60 17 23 58 73 8 50 81 77 44 35 62 83 9 18 3 0 91 65 86 95 15 25 31 32 53 61 33 24 39 67 28 51 47 99 13 6 45 26 34 92 52 78 41 64 79 16 46 69 93 98 48 5 
 37 4 71 66 30 96 25 10 95 72 92 54 12 63 82 90 76 19 16 74 29 61 68 49 57 89 27 85 0 39 8 36 31 17 56 58 20 7 1 87 55 21 38 70 42 97 32 98 43 65 44 35 91 18 59 11 50 81 77 86 80 73 62 9 83 34 22 75 94 53 40 24 33 2 28 51 47 99 13 15 23 60 6 45 26 52 48 84 78 41 64 79 88 3 14 67 46 69 93 5 
 75 6 34 42 70 82 55 44 46 79 88 30 96 25 15 37 97 90 10 59 76 66 39 43 72 94 11 54 41 92 22 19 16 74 20 83 78 71 29 40 56 2 85 57 35 89 7 67 32 84 8 50 81 77 63 68 17 23 58 73 31 27 0 91 62 9 18 3 65 64 60 80 86 95 53 61 24 33 36 28 51 47 99 13 4 38 49 1 12 45 26 52 5 48 93 69 21 87 98 14 
 37 4 71 66 30 96 25 10 95 72 2 92 54 12 63 82 90 76 19 16 74 29 40 68 49 57 89 27 85 0 39 8 36 73 6 31 17 56 58 20 24 33 7 53 1 87 55 21 38 70 42 97 32 28 51 83 98 43 47 62 13 65 15 23 60 80 34 50 81 77 86 44 99 9 35 22 75 61 91 18 45 59 11 52 48 84 78 41 64 79 88 3 14 26 67 46 69 93 94 5 
 37 75 4 34 42 70 71 82 66 92 96 39 72 53 12 54 76 97 90 22 19 14 74 87 93 20 40 85 16 78 41 27 67 29 11 56 94 89 7 55 5 68 0 25 36 32 50 8 84 81 77 44 35 10 59 58 73 31 62 9 18 17 3 83 91 65 86 95 2 61 24 33 57 28 43 47 99 13 51 15 23 60 80 6 45 26 38 49 1 63 98 64 79 88 30 46 48 52 69 21 
 34 58 64 79 88 30 96 25 15 37 97 90 10 59 76 16 29 40 2 26 71 35 98 20 46 31 63 39 12 75 70 42 82 61 85 4 84 49 50 28 56 43 72 11 54 22 19 36 32 68 66 57 9 23 17 3 87 78 89 7 55 8 81 77 44 73 27 0 91 62 83 18 65 60 80 94 41 86 95 53 24 33 38 67 51 47 99 13 6 45 14 5 74 1 92 48 93 52 69 21 
 37 4 71 66 30 96 72 2 84 54 12 87 97 90 76 19 16 74 29 40 85 55 88 39 6 20 49 1 38 27 21 70 42 82 32 80 34 22 75 94 57 89 7 63 56 25 36 11 8 50 81 77 59 58 73 31 62 44 35 10 83 9 18 17 3 68 99 91 65 86 95 53 61 24 33 67 28 51 47 0 13 15 23 60 43 45 92 52 78 41 64 79 14 26 46 69 93 98 48 5 
 63 75 42 70 85 82 66 30 39 43 72 2 11 54 76 97 90 22 19 16 74 20 40 56 94 71 57 89 55 37 27 4 38 29 34 92 78 96 12 7 46 25 36 32 84 8 50 81 77 44 35 10 59 58 73 31 62 83 9 18 17 3 68 80 91 65 86 95 53 61 24 33 67 28 51 47 99 13 15 23 60 0 6 45 26 49 1 5 41 64 48 88 79 52 69 21 93 87 98 14 
 37 42 71 66 30 96 72 2 84 54 12 87 97 90 76 19 16 74 29 40 85 55 88 39 6 20 49 1 38 27 21 70 4 82 32 80 34 22 75 94 57 89 7 63 56 25 15 11 8 50 81 77 44 10 73 31 62 83 9 18 17 3 68 59 58 35 0 91 65 86 95 53 61 24 33 67 28 51 47 99 13 36 23 60 43 45 92 52 78 41 64 79 14 26 46 69 93 98 48 5 
 75 42 70 85 82 66 30 88 39 43 72 2 11 54 59 76 97 90 22 19 71 74 41 26 92 52 16 37 20 29 40 56 94 57 89 64 25 55 36 32 28 8 50 81 77 44 35 63 68 10 58 73 31 27 0 91 62 83 9 18 17 3 65 15 23 60 80 34 86 95 53 61 24 33 67 84 51 47 99 13 6 45 4 38 49 1 12 7 79 78 96 46 5 48 93 69 21 87 98 14 
