 76 43 81 77 56 40 1 94 75 51 4 38 92 57 49 66 82 54 13 99 32 29 36 88 83 93 69 21 89 33 85 20 10 52 98 37 91 44 61 97 62 9 27 24 67 39 53 72 80 12 19 34 18 25 78 58 90 8 68 96 64 87 35 48 71 28 47 70 42 11 6 79 7 14 22 30 15 17 5 74 55 63 84 50 86 41 65 3 23 26 45 2 95 60 0 46 31 16 73 59 
 1 22 49 97 54 12 64 41 78 76 51 81 77 29 87 57 4 40 99 43 32 73 68 56 48 3 53 33 34 61 30 94 75 67 82 84 26 21 93 69 20 83 10 19 74 63 62 17 0 58 88 72 90 37 71 89 24 13 28 11 6 8 45 66 5 27 55 42 38 70 85 59 2 95 44 39 36 47 52 79 46 14 15 98 60 92 18 96 65 25 31 50 86 80 35 91 9 23 16 7 
 1 22 49 88 29 54 12 64 41 78 76 51 81 77 37 97 87 57 30 40 99 32 73 68 56 48 3 74 34 61 4 94 75 46 93 69 20 82 19 63 83 10 13 28 0 58 26 2 35 72 90 71 89 24 47 6 8 45 66 5 21 53 33 27 55 42 38 70 85 59 17 43 95 44 39 36 11 91 79 7 14 15 98 60 92 18 96 65 25 31 50 86 80 84 52 62 9 23 16 67 
 76 43 81 77 39 56 40 99 4 1 94 75 49 68 57 67 66 82 54 36 51 32 80 88 83 93 69 21 89 33 85 20 10 52 87 44 61 97 27 37 38 34 22 90 25 78 58 12 24 71 30 53 72 13 29 19 8 92 96 64 98 35 48 6 28 47 70 42 11 91 79 7 14 15 17 62 5 74 55 63 84 50 86 41 9 18 65 3 23 26 45 2 95 60 0 46 31 16 73 59 
 1 22 49 88 29 54 12 64 41 78 76 51 81 77 37 87 97 57 4 40 99 43 32 73 30 56 48 3 74 33 34 61 94 75 55 93 69 20 82 19 53 63 83 10 17 0 58 35 72 90 71 89 24 13 28 47 6 8 66 5 21 27 67 42 38 70 85 59 26 2 95 44 39 36 11 79 46 14 15 98 60 50 92 84 52 18 96 65 25 31 45 86 80 68 91 62 9 23 16 7 
 1 22 49 97 54 12 64 41 78 76 51 81 77 29 84 83 87 57 4 40 99 43 32 73 68 56 48 3 53 33 34 61 30 94 75 67 93 69 20 82 19 74 63 62 10 17 0 58 88 72 90 37 71 89 24 13 28 47 6 8 45 66 5 21 27 55 42 38 70 85 59 26 2 95 44 39 36 11 52 79 46 14 15 98 60 92 18 96 65 25 31 50 86 80 35 91 9 23 16 7 
 1 22 49 97 54 12 64 41 78 76 51 81 77 29 87 57 40 99 43 32 73 68 56 48 3 74 33 34 61 84 94 75 67 93 69 20 82 19 53 63 83 10 17 0 58 30 88 72 90 37 4 71 89 24 13 28 47 6 8 45 66 5 21 27 55 42 38 70 85 59 26 2 95 44 39 36 11 52 79 46 14 15 98 60 92 18 96 65 25 31 50 86 80 35 91 62 9 23 16 7 
 76 43 81 77 39 56 40 99 4 1 94 75 67 68 57 49 66 82 54 80 51 32 36 25 83 93 69 21 89 33 85 20 10 52 87 44 61 97 27 37 38 34 22 90 88 78 58 12 24 71 30 53 72 13 29 19 8 92 96 64 98 35 48 6 28 47 70 42 11 91 79 7 14 15 17 62 5 74 55 63 84 50 86 9 41 18 65 3 23 26 45 2 95 60 0 46 31 16 73 59 
 22 76 29 43 81 77 39 64 78 57 40 99 60 1 94 75 82 68 56 54 66 53 49 80 32 12 67 19 33 85 61 97 87 34 42 95 63 84 26 21 93 69 20 83 59 13 28 10 17 23 15 0 6 8 47 35 74 88 2 72 90 71 45 11 92 89 55 37 27 24 4 38 70 36 51 91 48 79 7 14 98 86 58 73 44 31 50 25 41 30 52 3 96 18 65 62 9 5 46 16 
 1 22 49 88 29 54 12 64 41 78 76 51 81 77 37 87 97 57 4 40 99 43 32 73 68 56 48 3 74 33 34 61 94 75 67 93 69 20 82 19 53 63 83 10 17 0 58 35 72 90 71 89 24 13 28 47 6 8 66 5 21 27 55 42 38 70 85 59 26 2 95 44 39 36 11 79 46 14 15 98 60 50 92 84 52 18 96 65 25 31 45 86 80 30 91 62 9 23 16 7 
 22 1 29 54 19 58 78 76 60 81 77 97 57 42 40 99 43 47 95 56 61 33 34 49 80 11 68 63 84 66 64 21 7 94 75 67 93 69 20 82 12 74 87 83 10 13 28 85 53 17 23 15 39 6 8 45 32 73 44 35 59 88 2 72 90 71 89 55 37 27 70 4 38 24 48 91 36 51 0 79 5 14 98 25 31 50 86 41 30 52 3 92 96 18 65 62 9 26 16 46 
 22 76 29 43 81 77 39 64 78 57 40 99 60 1 33 94 75 82 68 56 54 66 53 49 80 51 32 12 67 19 61 97 87 34 42 95 63 84 26 21 93 69 20 83 31 13 28 85 59 17 23 15 0 6 8 91 48 35 74 88 2 72 90 71 89 55 37 27 24 4 38 70 36 45 47 11 92 79 7 14 98 25 58 73 44 10 50 86 41 30 52 3 96 18 65 62 9 5 46 16 
 1 22 49 29 54 12 64 41 78 76 51 81 77 97 87 57 40 99 43 32 73 68 56 48 3 74 33 34 61 84 94 75 67 93 69 20 82 19 53 63 83 10 17 0 58 13 28 47 6 8 45 66 5 21 42 70 85 59 26 95 30 88 2 72 90 71 89 55 37 27 24 4 38 79 39 36 11 52 44 46 14 15 98 60 92 18 96 65 25 31 50 86 80 35 91 62 9 23 16 7 
 57 76 29 43 81 77 39 64 78 14 40 99 60 1 94 75 82 68 56 86 53 49 80 51 32 12 67 19 61 97 87 34 95 63 84 26 21 93 69 20 83 10 13 47 48 0 28 59 17 23 15 91 35 74 88 2 72 90 6 8 45 66 5 33 27 55 42 4 70 85 71 89 37 24 38 36 11 92 79 7 22 98 25 58 73 44 31 50 54 41 30 52 3 96 18 65 62 9 46 16 
 22 1 29 54 19 78 76 60 81 77 97 57 42 40 99 43 47 95 56 58 46 33 34 49 80 11 68 63 84 66 64 21 7 94 75 67 93 69 20 82 12 74 87 83 10 13 28 85 59 17 23 15 39 6 8 45 32 73 44 35 53 88 2 72 90 71 89 55 37 27 70 4 38 24 48 91 36 51 0 79 5 14 98 25 31 50 86 41 30 52 3 92 96 18 65 62 9 26 16 61 
 1 22 49 29 54 12 64 41 78 76 51 81 77 97 87 57 40 99 43 32 73 68 56 48 3 74 33 34 61 84 94 75 67 93 69 20 82 19 53 63 83 10 17 0 58 13 28 47 6 8 45 66 5 21 42 70 85 59 26 95 30 88 2 72 90 71 89 55 37 27 24 4 38 44 39 36 11 52 79 46 14 15 98 60 92 18 96 65 25 31 50 86 80 35 91 62 9 23 16 7 
 76 43 81 77 39 56 42 99 4 1 94 75 67 68 57 49 82 54 80 51 32 36 88 83 93 69 21 71 89 33 85 66 52 87 20 10 44 97 27 37 24 38 34 22 90 25 78 12 6 61 58 30 53 72 13 29 19 8 92 96 64 98 35 48 28 47 70 40 11 91 79 7 14 15 17 62 5 74 55 63 84 50 86 41 9 18 65 3 23 26 45 2 95 60 0 46 31 16 73 59 
 76 43 81 77 67 84 40 99 60 39 68 56 45 1 94 75 82 49 66 54 80 51 32 36 83 52 87 93 69 21 89 33 85 20 10 44 97 27 37 24 38 34 22 90 25 78 12 6 61 58 88 30 53 72 13 29 19 8 92 96 64 98 35 48 71 28 4 70 42 11 86 79 7 14 15 17 62 5 74 55 63 57 50 91 41 9 18 65 3 23 26 2 95 47 0 46 31 16 73 59 
 76 43 81 77 67 57 40 99 60 1 94 75 39 68 49 56 66 82 54 80 51 32 36 88 83 52 87 93 69 21 89 33 85 20 10 44 97 27 37 24 38 34 22 90 25 78 12 6 61 58 30 53 72 13 29 19 8 92 96 64 98 35 48 71 28 47 70 42 11 91 79 7 14 23 17 62 5 74 55 63 84 50 86 41 9 18 65 3 15 26 45 2 95 4 0 46 31 16 73 59 
 76 43 81 77 56 40 51 4 1 94 75 38 92 57 49 66 82 54 80 99 32 29 36 88 83 93 69 21 89 33 85 20 10 52 87 37 91 44 61 97 62 9 27 24 67 39 53 72 13 12 19 34 18 25 78 58 90 8 68 96 64 98 35 48 71 28 47 70 42 11 6 79 7 14 22 30 15 17 5 74 55 63 84 50 86 41 65 3 23 26 45 2 95 60 0 46 31 16 73 59 
 76 43 81 77 40 99 1 94 75 67 56 60 68 57 49 66 82 54 80 51 32 29 36 88 83 93 69 21 89 33 85 20 10 52 87 37 91 44 61 97 62 9 27 24 38 39 53 72 13 12 19 34 18 25 78 58 90 8 92 3 64 98 35 48 71 22 30 31 6 28 47 70 42 11 79 7 14 15 17 5 74 55 63 84 50 86 41 65 96 23 26 45 2 95 4 0 46 16 73 59 
 76 43 81 77 67 57 40 99 60 1 94 75 39 68 56 49 66 82 54 80 51 32 36 83 52 87 93 69 21 89 33 85 20 10 44 97 27 37 24 38 34 22 90 25 78 12 6 61 58 88 30 53 72 13 29 19 8 92 96 64 98 35 48 71 28 4 70 42 11 86 79 7 14 15 17 62 5 74 55 63 84 50 91 41 9 18 65 3 23 26 45 2 95 47 0 46 31 16 73 59 
 76 43 81 77 39 56 40 99 4 1 94 75 67 68 57 49 66 82 54 36 51 32 80 88 83 93 69 21 89 33 85 20 10 52 87 44 61 97 27 37 38 34 22 90 25 78 58 12 24 71 30 53 72 13 29 19 8 92 96 64 98 35 48 6 28 47 70 42 11 91 79 7 14 15 17 62 5 74 55 63 84 50 86 41 9 18 65 3 23 26 45 2 95 60 0 46 31 16 73 59 
 76 43 81 77 67 57 40 99 60 1 94 75 39 68 56 49 66 82 54 80 51 32 36 83 52 87 93 69 21 89 33 85 20 10 44 97 27 37 24 38 34 22 90 25 78 12 6 61 58 88 30 53 72 13 29 19 8 92 96 64 98 35 48 71 28 47 70 42 11 91 79 7 14 23 17 62 5 74 55 63 84 50 86 41 9 18 65 3 15 26 45 2 95 4 0 46 31 16 73 59 
 57 76 29 43 81 77 39 64 78 22 40 99 45 1 94 75 82 68 56 53 49 80 51 32 12 67 19 61 97 87 34 95 63 84 26 21 74 69 20 83 10 13 28 59 17 23 15 91 35 47 6 8 60 66 5 33 93 88 2 72 90 71 89 55 37 27 24 42 38 70 85 4 36 48 11 92 79 7 14 98 25 58 73 44 31 50 86 0 54 41 30 52 3 96 18 65 62 9 46 16 
 76 43 81 77 56 40 99 60 1 94 75 67 68 57 49 66 82 54 80 51 32 4 36 88 83 93 69 21 89 33 85 20 10 52 87 37 91 44 61 97 62 9 27 24 38 39 53 72 13 12 19 34 18 25 78 58 90 8 92 96 64 98 35 48 71 28 47 70 42 11 6 79 7 14 15 17 5 74 55 63 84 50 86 41 30 22 65 3 23 26 45 2 95 29 31 0 46 16 73 59 
 1 22 49 88 29 54 12 64 41 78 76 51 81 77 37 97 87 57 4 40 99 43 32 73 68 56 48 3 74 33 34 61 84 94 75 67 93 69 20 82 19 53 63 83 10 17 0 58 35 72 90 71 89 24 13 28 47 6 8 45 66 5 21 27 55 42 38 70 85 59 26 2 95 44 39 36 11 52 79 46 14 15 98 60 92 18 96 65 25 31 50 86 80 30 91 62 9 23 16 7 
 76 43 81 77 56 40 99 60 1 94 75 38 68 57 49 66 82 54 80 51 32 29 36 88 83 93 69 21 89 33 85 20 10 52 87 37 91 44 61 97 62 9 27 24 67 39 53 72 13 12 19 34 18 25 78 58 90 8 92 96 64 98 35 48 71 28 47 70 42 11 6 79 7 14 15 17 5 74 55 63 84 50 86 41 30 22 65 3 23 26 45 2 95 4 0 46 31 16 73 59 
 57 76 29 43 81 77 39 64 78 22 40 99 60 1 94 75 82 68 56 86 53 49 80 51 32 12 67 19 61 97 87 34 95 63 84 26 21 74 69 20 83 10 13 28 59 17 23 15 0 91 35 47 6 8 45 66 5 33 93 88 2 72 90 71 89 55 37 27 24 42 38 70 85 4 36 48 11 92 79 7 14 98 25 58 73 44 31 50 54 41 30 52 3 96 18 65 62 9 46 16 
 1 22 49 88 29 54 12 64 41 78 76 51 81 77 37 97 87 57 4 40 99 43 32 73 68 56 48 3 74 33 34 61 84 94 75 67 93 69 20 82 19 53 63 83 10 17 0 58 35 72 90 71 89 24 13 28 47 6 8 45 66 5 21 27 55 42 38 70 85 59 26 2 95 44 39 36 11 52 79 7 14 15 98 60 92 18 96 65 25 31 50 86 80 30 91 62 9 23 16 46 
 22 76 29 43 81 77 39 64 78 57 40 99 60 1 94 75 82 68 56 54 66 53 49 80 51 32 12 67 19 89 33 85 61 97 87 34 42 95 63 84 26 21 93 69 20 83 59 13 28 10 17 23 15 0 6 8 91 47 35 74 88 2 72 90 71 55 37 27 24 4 38 70 36 45 48 11 92 79 7 14 98 25 58 73 44 31 50 86 41 30 52 3 96 18 65 62 9 5 46 16 
 1 22 49 88 29 54 12 64 41 78 76 51 81 31 37 97 87 57 4 40 99 32 73 68 56 48 3 74 34 61 84 94 75 67 93 69 20 82 19 63 83 10 2 13 28 17 0 58 35 72 90 71 89 24 47 6 8 45 66 5 21 53 33 27 55 42 38 70 85 59 26 43 95 44 39 36 11 91 79 7 14 15 23 60 92 18 96 65 77 25 50 86 80 30 52 62 9 98 16 46 
 22 90 29 43 81 77 30 57 40 99 1 33 82 94 75 60 68 56 54 66 53 49 80 51 32 12 67 19 61 97 87 34 42 95 39 63 64 84 26 21 93 69 20 83 10 13 28 0 5 85 59 17 23 15 6 8 45 47 35 74 88 2 72 76 71 89 55 37 27 24 4 38 70 36 91 48 11 92 79 7 14 98 25 58 73 44 31 50 86 41 78 52 3 96 18 65 62 9 46 16 
 71 67 29 74 54 61 1 47 32 28 18 91 83 8 81 62 44 15 65 50 43 95 2 12 36 13 26 82 4 38 97 24 87 10 96 77 25 60 68 34 63 94 75 70 57 14 3 9 92 17 52 35 59 73 58 20 90 55 27 84 39 0 31 23 5 22 42 76 80 51 40 72 88 69 48 41 79 66 89 16 7 46 30 78 98 56 86 6 45 99 19 11 33 85 49 53 21 64 37 93 
 71 34 85 29 53 61 16 35 23 8 60 36 47 77 51 80 72 32 99 70 54 24 75 68 95 43 38 2 59 18 91 96 62 14 3 9 44 92 17 15 65 50 26 56 88 12 57 63 94 13 28 10 83 73 58 82 4 1 5 55 79 84 39 81 25 0 31 97 22 40 42 33 69 78 41 27 66 89 87 7 46 30 48 98 52 86 6 45 76 19 11 90 67 49 74 21 37 64 93 20 
 71 67 29 53 54 26 35 8 47 77 95 68 43 32 36 2 1 59 18 91 83 62 14 3 9 44 92 17 15 65 50 61 82 13 28 10 96 73 58 12 4 38 87 37 52 49 84 39 81 25 60 24 34 63 94 75 70 57 55 27 0 31 23 20 22 72 99 80 51 40 42 33 69 78 41 79 66 89 16 46 30 48 98 56 86 6 45 76 19 11 88 90 85 97 74 21 7 64 93 5 
 57 27 71 46 48 91 0 66 37 90 8 60 47 77 95 68 72 32 99 70 75 80 10 31 19 54 34 43 36 51 67 29 40 1 61 14 41 30 3 18 65 50 86 45 11 2 59 73 58 7 79 92 9 98 52 63 94 82 26 44 15 12 39 84 81 24 6 56 76 55 87 16 28 13 53 97 74 89 85 38 17 83 23 25 96 35 62 64 88 49 4 42 33 69 21 5 78 93 20 22 
 71 91 83 44 9 52 96 26 16 8 60 42 47 77 51 80 72 32 99 70 54 24 75 68 43 36 95 67 29 40 38 2 14 97 41 30 3 18 10 98 56 50 86 19 0 66 76 34 81 94 4 82 85 87 48 28 45 11 61 59 73 58 7 53 39 84 13 6 92 35 17 15 65 25 62 49 12 63 1 88 93 57 55 27 20 31 23 5 22 33 78 79 64 89 46 69 90 74 21 37 
 71 67 29 54 82 61 38 1 32 47 62 18 91 83 43 8 77 95 86 3 9 44 92 98 17 15 65 50 28 35 36 26 53 4 49 24 66 59 10 13 12 73 64 7 84 39 81 25 60 68 34 63 94 75 70 57 55 27 56 31 23 5 22 72 99 80 51 40 42 33 19 20 58 69 78 41 79 87 89 16 46 30 96 52 48 2 0 14 6 45 76 11 88 90 85 97 74 21 37 93 
 71 67 29 53 54 26 35 8 47 77 95 32 2 68 36 43 1 59 96 83 62 14 9 44 92 17 15 65 50 61 13 28 82 90 30 3 18 91 98 10 73 58 12 4 38 87 7 52 49 84 39 81 25 60 24 34 63 94 75 70 57 55 27 0 31 23 5 22 72 99 80 51 40 42 33 69 78 66 89 16 41 79 46 48 56 86 6 45 76 19 11 88 85 97 74 21 37 64 93 20 
 46 63 79 5 27 71 16 8 91 23 25 60 54 47 77 95 68 72 32 99 70 42 24 75 80 43 36 51 67 29 40 38 49 14 97 41 30 3 18 62 98 56 50 86 19 76 61 81 94 4 57 85 87 48 45 11 34 90 53 39 84 13 6 92 35 17 15 65 10 2 12 26 1 55 82 28 33 59 73 58 44 9 96 83 52 37 7 0 31 74 88 66 89 69 21 78 64 93 20 22 
 71 67 29 53 54 26 35 8 47 77 95 68 43 32 36 2 1 59 18 91 83 62 14 3 23 44 92 17 15 65 50 61 82 13 28 56 96 73 58 12 4 38 87 7 52 49 84 39 81 25 60 24 34 63 94 75 70 57 55 27 0 31 9 5 22 72 99 80 51 40 42 33 69 78 41 79 66 89 16 46 30 48 98 10 86 6 45 76 19 11 88 90 85 97 74 21 37 64 93 20 
 71 67 29 54 82 61 38 1 32 47 62 18 91 83 43 8 77 95 86 3 9 44 92 98 17 15 65 50 28 35 36 52 26 53 4 49 24 66 59 10 13 12 96 73 64 7 84 39 81 25 60 68 34 63 94 75 70 57 55 27 0 31 23 5 22 72 99 80 51 40 42 33 19 20 58 69 78 41 79 87 89 16 46 30 48 2 56 14 6 45 76 11 88 90 85 97 74 21 37 93 
 46 63 89 79 5 71 16 23 25 8 60 47 77 68 72 32 99 70 24 42 38 43 95 51 75 1 27 66 0 54 19 80 36 67 29 40 49 14 97 41 30 3 18 62 98 56 50 86 76 34 81 57 94 4 82 85 87 61 28 45 11 48 7 53 39 84 13 6 92 35 17 15 65 10 2 12 26 55 33 59 73 58 44 9 96 83 52 37 90 31 74 88 91 69 21 78 64 93 20 22 
 93 65 52 23 80 68 72 12 79 55 22 45 6 77 32 13 99 70 24 42 38 43 95 51 75 1 27 66 0 54 19 14 16 41 30 3 18 25 61 82 92 17 15 28 8 98 56 50 86 2 76 34 4 36 47 40 29 90 5 96 48 31 10 62 39 49 84 60 11 26 35 71 97 57 85 63 67 33 59 73 58 44 81 94 74 87 88 53 89 7 46 69 21 78 83 9 20 91 64 37 
 71 67 34 29 53 54 61 38 1 32 47 95 59 18 91 83 43 62 3 9 44 92 17 15 65 50 14 52 8 19 57 37 94 75 70 82 4 97 24 77 10 96 73 6 84 39 81 25 12 60 68 2 35 20 88 58 64 33 63 0 26 55 27 13 31 23 5 22 72 99 80 51 40 42 69 93 41 79 66 89 16 87 7 46 30 76 78 48 98 56 86 45 28 11 36 90 85 49 74 21 
 71 67 34 29 53 54 61 38 99 32 47 95 59 18 91 83 43 62 3 9 44 92 17 15 65 50 0 52 8 77 94 82 4 97 24 87 19 10 96 73 58 84 39 81 25 60 68 2 35 12 63 13 26 88 93 75 70 57 55 27 7 20 6 31 23 5 22 72 1 80 51 40 42 33 14 78 41 79 76 64 66 89 16 46 30 48 98 56 86 69 45 28 11 36 90 85 49 74 21 37 
 71 34 67 29 53 54 61 16 35 23 8 60 47 77 95 68 72 32 99 70 24 75 80 43 36 51 38 2 59 18 91 83 62 14 3 9 45 92 17 15 65 50 26 56 88 12 57 63 94 13 28 10 96 73 58 82 4 1 5 55 84 39 81 25 0 31 97 22 40 42 33 27 66 89 87 69 78 41 79 7 46 30 48 98 52 86 6 44 76 19 11 90 85 49 74 21 37 64 93 20 
 71 67 29 53 54 61 38 1 12 47 32 28 18 91 83 43 8 77 62 44 15 65 50 2 95 36 13 26 82 4 49 24 87 10 96 81 25 60 68 34 63 94 75 70 57 14 3 9 92 17 52 35 59 73 58 20 90 55 27 84 39 0 31 23 5 22 42 76 80 51 40 72 88 69 48 41 79 66 89 16 7 46 30 78 98 56 86 6 45 99 19 11 33 85 97 74 21 37 64 93 
 46 63 91 79 5 27 71 16 23 25 8 60 42 47 77 95 68 72 32 99 70 54 24 75 80 43 36 51 67 29 40 38 49 14 97 41 30 3 18 62 98 56 50 86 19 76 34 81 57 94 4 82 85 87 61 28 45 11 48 7 53 39 84 13 6 92 35 17 15 65 10 2 12 26 1 55 33 59 73 58 44 9 96 83 52 37 90 0 31 74 88 66 89 69 21 78 64 93 20 22 
 71 67 29 54 82 61 38 1 32 47 62 18 91 83 43 8 77 95 14 3 9 44 92 98 17 15 65 50 28 35 36 52 26 53 4 49 24 66 59 10 13 12 96 73 64 7 84 39 81 25 60 68 34 63 94 75 70 57 55 27 0 31 23 5 22 72 99 80 51 40 42 33 19 20 58 69 78 41 79 87 89 16 46 30 48 2 56 86 6 45 76 11 88 90 85 97 74 21 37 93 
 91 83 9 23 17 15 80 67 77 12 79 55 22 45 8 68 72 32 99 70 24 42 38 43 95 51 75 1 27 92 66 61 82 13 28 0 54 19 14 16 41 30 3 18 25 98 56 50 86 2 76 34 4 33 47 40 29 90 5 96 48 31 10 62 39 49 84 60 11 26 35 71 97 57 85 63 6 36 59 73 58 44 81 94 74 87 89 88 53 7 46 69 21 65 52 20 78 37 64 93 
 71 67 29 54 82 61 38 1 32 47 62 18 91 83 43 8 77 95 14 3 9 44 92 98 17 15 65 50 2 35 36 52 26 53 4 49 24 66 59 10 13 12 96 73 64 7 84 39 81 25 60 68 34 63 94 75 70 57 55 27 0 31 23 5 22 72 99 80 51 40 42 33 19 20 58 69 78 41 79 87 89 16 74 30 48 28 56 86 6 45 76 11 88 90 85 97 46 21 37 93 
 71 67 34 29 53 54 61 38 1 47 13 28 18 91 83 43 8 77 62 44 15 65 50 2 95 36 32 59 58 9 92 17 14 52 57 37 94 75 70 82 4 97 24 87 19 10 96 73 3 7 84 39 81 25 60 68 35 76 88 63 26 55 5 64 0 31 23 12 22 72 99 80 51 40 49 27 42 33 69 78 41 79 66 89 16 46 30 48 98 56 86 6 45 11 90 85 74 21 93 20 
 71 34 67 29 53 54 61 16 35 23 80 60 47 77 95 68 72 32 99 70 24 57 8 43 36 51 38 2 59 91 83 14 3 9 44 92 17 15 65 18 62 98 56 50 86 19 76 26 75 88 12 63 79 13 28 10 96 73 58 82 4 1 5 55 94 84 39 81 25 0 31 97 22 40 42 33 69 78 41 27 66 89 87 7 46 30 48 52 6 45 11 90 85 49 74 21 37 64 93 20 
 93 65 52 23 80 68 72 12 79 55 22 45 67 77 32 13 99 70 24 42 38 43 95 51 75 1 27 66 0 54 19 14 16 41 30 3 18 25 98 56 50 86 2 76 34 4 36 29 40 47 61 90 5 96 48 31 10 62 39 63 84 60 11 26 82 92 35 17 15 71 97 57 85 28 49 6 33 8 59 73 58 44 81 94 74 87 89 88 53 7 46 69 21 78 83 9 20 91 64 37 
 93 65 52 23 17 15 80 67 77 12 79 55 22 45 8 68 72 32 99 70 24 42 38 43 95 51 75 1 27 92 66 61 82 13 28 0 54 19 14 16 41 30 3 18 25 98 56 50 86 2 76 34 4 36 47 40 29 90 5 96 48 31 62 10 39 49 84 60 11 26 35 71 97 57 85 63 6 33 59 73 58 44 81 94 74 87 89 88 53 7 46 69 21 78 83 9 20 91 64 37 
 71 67 29 53 54 61 38 1 12 32 47 95 59 18 91 83 43 62 3 9 44 92 17 15 65 28 8 77 50 2 36 13 26 82 4 49 24 87 10 96 81 25 60 5 34 63 94 75 70 57 14 35 52 73 58 20 90 55 27 84 39 0 31 23 68 22 42 76 80 51 40 72 88 69 48 41 79 66 89 16 7 46 30 78 98 56 86 6 45 99 19 11 33 85 97 74 21 37 64 93 
 71 67 29 54 82 61 38 1 32 47 62 18 91 83 43 8 77 95 14 3 9 44 92 98 17 15 65 50 2 35 36 52 26 53 4 49 24 66 59 10 13 12 96 73 64 7 84 39 81 25 60 68 34 63 94 75 70 57 55 27 0 31 23 5 22 72 99 80 51 40 42 33 19 20 58 69 78 41 79 87 89 16 46 30 48 28 56 86 6 45 76 11 88 90 85 97 74 21 37 93 
 93 65 52 23 17 15 80 67 77 12 79 55 22 45 8 68 72 32 99 70 24 42 38 43 95 51 75 1 27 92 66 61 82 13 28 0 54 19 14 16 41 30 3 18 25 98 56 50 86 2 76 34 4 36 47 40 29 90 5 96 48 31 10 62 39 49 84 60 11 26 35 71 97 57 85 63 6 33 59 73 58 44 81 94 74 87 89 88 53 7 46 69 21 78 83 9 20 91 64 37 
 46 63 91 79 5 27 71 16 23 25 8 60 42 47 77 95 68 72 32 99 70 54 24 75 80 43 36 51 67 29 40 38 49 14 97 41 30 3 18 62 98 56 50 86 19 76 34 81 94 4 57 85 87 48 45 11 61 7 53 39 84 13 6 92 35 17 15 65 10 2 12 26 1 55 82 28 33 59 73 58 44 9 96 83 52 37 90 0 31 74 88 66 89 69 21 78 64 93 20 22 
 71 34 67 29 53 54 61 16 35 23 8 60 47 77 95 68 72 32 99 70 24 56 80 43 36 51 38 2 59 18 91 83 62 14 3 9 44 92 17 15 65 50 26 75 88 12 57 63 94 13 28 10 96 73 58 82 4 1 5 55 79 84 39 81 25 0 31 97 22 40 42 33 69 78 41 27 66 89 87 7 46 30 48 98 52 86 6 45 76 19 11 90 85 49 74 21 37 64 93 20 
 71 34 67 29 53 54 61 16 35 23 8 60 47 77 95 68 72 32 99 70 24 75 80 43 36 51 38 2 59 18 91 83 62 14 3 9 44 92 17 15 65 50 26 56 88 12 57 63 94 13 28 10 96 73 58 82 4 1 5 55 79 84 39 81 25 0 31 97 22 40 42 33 69 78 41 27 66 89 87 7 46 30 48 98 52 86 6 45 76 19 11 90 85 49 74 21 37 64 93 20 
 98 28 11 60 92 91 25 3 18 0 6 31 13 84 8 86 80 76 79 66 46 78 74 7 24 33 77 36 95 51 56 2 50 27 5 89 87 55 68 41 30 64 96 65 73 58 9 35 71 21 10 62 43 32 90 72 94 38 42 47 99 44 54 19 20 63 67 45 26 57 82 70 61 97 22 49 81 39 53 1 4 75 12 29 40 34 85 88 16 59 14 37 23 15 52 69 93 48 83 17 
 98 47 45 31 60 28 92 3 40 11 36 99 56 44 50 18 15 83 91 13 26 57 89 87 55 41 46 78 30 5 74 7 24 33 51 25 66 54 19 76 86 8 6 77 95 43 32 63 64 71 21 10 96 62 2 38 82 70 42 61 97 22 94 49 27 68 81 80 39 53 1 4 75 12 29 20 67 37 84 14 16 85 90 34 58 72 88 59 23 65 79 69 93 73 35 9 0 52 48 17 
 98 60 50 68 72 26 8 86 92 14 25 3 18 0 35 87 41 30 5 21 96 64 74 7 24 33 77 36 95 51 99 56 80 54 19 20 31 78 66 2 47 32 63 76 57 55 73 46 71 89 10 62 43 45 84 38 42 70 82 61 97 22 94 49 81 6 39 53 1 4 75 12 29 40 44 34 85 90 58 67 27 16 9 11 13 28 59 91 52 23 15 37 79 69 93 65 88 48 83 17 
 98 47 45 60 56 28 11 59 51 92 3 18 9 84 31 44 91 73 35 13 26 57 89 87 55 37 46 78 30 5 74 7 24 33 77 81 66 54 19 76 86 8 6 36 95 2 32 63 64 71 21 10 96 62 43 38 82 70 42 61 97 68 88 20 93 14 23 25 15 80 72 22 94 49 1 53 39 12 75 4 29 40 99 34 85 90 58 67 27 16 50 0 41 79 69 65 52 48 83 17 
 47 45 60 3 28 98 92 67 31 8 86 81 6 15 43 95 51 99 44 91 10 9 18 32 59 11 57 89 87 55 41 46 78 30 7 24 33 68 56 35 65 77 36 62 12 66 88 84 74 93 73 25 19 63 54 2 96 80 76 37 27 38 82 42 61 97 22 94 49 39 5 1 4 75 72 58 34 64 21 70 40 29 20 69 85 90 79 53 71 16 50 13 83 17 23 14 26 0 52 48 
 12 47 45 31 60 28 68 92 8 86 81 6 3 32 59 11 53 41 46 78 30 5 74 7 24 33 77 36 95 51 99 56 44 50 10 18 15 62 98 66 29 83 91 80 2 20 63 54 43 67 76 57 55 37 71 38 82 94 61 97 22 42 4 19 84 39 14 16 89 1 49 75 85 90 34 58 72 64 21 70 27 40 13 26 88 25 23 65 87 79 69 93 73 35 9 0 52 48 96 17 
 98 47 45 60 68 28 8 72 91 96 18 92 59 11 87 5 31 54 19 76 86 80 84 88 38 81 6 39 53 79 30 66 41 46 78 74 7 24 33 77 36 95 51 99 56 73 9 58 20 2 32 63 57 55 64 35 71 21 10 65 62 43 50 82 70 42 61 97 22 4 75 12 94 49 1 29 40 44 34 85 90 67 27 16 13 26 0 25 23 15 37 89 69 93 3 52 48 14 83 17 
 98 47 45 60 8 28 56 92 91 3 18 72 84 31 20 93 52 73 59 11 17 15 25 9 89 87 74 7 66 41 46 54 19 58 5 76 86 51 80 33 77 36 95 2 32 63 24 57 55 16 78 30 64 71 21 10 96 62 43 38 82 70 42 61 97 22 94 49 88 68 81 6 39 53 1 4 75 12 29 40 99 44 69 37 90 85 34 79 67 27 50 13 26 0 14 48 35 65 83 23 
 98 47 45 60 28 92 91 59 10 3 18 31 13 84 8 86 80 76 79 66 68 78 74 7 24 33 77 36 95 51 56 2 50 27 5 89 87 55 46 41 30 64 96 65 73 58 9 35 71 21 20 62 43 32 90 72 94 38 42 70 82 61 97 22 63 49 81 6 39 53 1 4 75 12 29 40 16 44 11 57 54 19 88 99 34 85 67 26 0 25 23 15 37 69 93 52 48 14 83 17 
 98 60 11 68 91 3 18 78 66 56 8 80 20 16 31 59 33 19 45 54 95 51 76 0 7 92 57 24 77 2 47 36 50 27 5 89 87 55 46 41 30 64 96 65 73 58 9 71 21 10 62 43 32 63 72 94 38 42 70 82 61 97 22 90 49 81 6 39 53 1 4 75 12 29 40 99 44 34 26 85 74 67 28 84 86 13 52 25 15 37 79 69 93 88 14 48 35 83 23 17 
 98 8 28 11 60 92 91 25 3 18 0 89 87 41 30 5 46 73 74 7 33 72 68 51 77 6 95 2 47 32 99 56 44 80 54 19 20 31 78 66 63 24 67 45 84 26 86 57 55 64 35 71 21 10 96 62 43 38 82 70 42 61 97 22 94 49 81 36 39 53 1 4 75 12 29 40 34 85 90 88 76 27 16 9 50 59 13 14 37 23 15 52 79 69 93 65 58 48 83 17 
 98 47 45 31 60 28 92 8 86 3 59 11 41 46 78 30 5 74 7 24 33 77 36 95 51 99 56 44 50 10 18 65 62 15 93 91 80 2 20 67 76 57 55 37 71 19 84 14 16 89 85 88 43 32 63 72 94 38 42 70 82 61 97 22 90 49 68 81 6 39 53 1 4 75 12 29 34 58 54 64 21 27 40 13 26 0 23 66 87 79 69 83 73 35 9 25 52 48 96 17 
 98 60 11 92 91 3 18 89 52 41 30 5 78 82 56 8 7 74 46 73 58 9 20 16 31 59 19 72 90 66 68 51 77 36 95 2 47 32 63 80 24 76 57 55 64 17 71 21 10 62 43 38 45 54 33 26 99 70 42 61 97 22 94 49 81 6 39 53 1 4 75 12 29 40 44 34 85 83 0 50 67 28 84 86 13 14 96 87 25 23 15 37 79 69 93 65 88 27 48 35 
 98 60 50 68 72 26 8 86 92 14 25 3 18 0 35 87 41 30 5 21 96 73 74 7 24 33 77 36 95 51 99 56 44 80 54 19 20 31 78 66 2 47 32 63 76 57 55 64 46 71 89 10 62 43 45 84 40 34 38 42 70 82 61 85 90 58 97 22 94 49 81 6 39 53 1 4 75 12 29 67 27 16 9 11 13 28 59 91 52 23 15 37 79 69 93 65 88 48 83 17 
 98 51 60 50 68 56 72 26 8 86 92 91 25 3 18 0 35 87 41 30 5 21 96 73 20 31 19 78 66 74 7 33 77 36 95 2 47 32 63 80 24 57 55 64 46 71 89 10 62 43 45 54 84 40 99 34 38 42 70 82 61 44 85 90 97 22 94 49 81 6 39 53 1 4 75 12 29 67 27 9 76 16 58 11 13 28 59 14 52 23 15 37 79 69 93 65 88 48 83 17 
 98 47 45 60 15 8 28 56 92 91 3 18 9 84 31 20 93 14 73 59 11 16 89 87 55 41 46 78 30 5 74 7 24 33 77 25 66 54 19 76 86 51 80 36 95 2 32 63 64 71 21 10 96 62 43 38 82 70 42 61 97 22 94 49 88 68 81 6 39 53 1 4 75 12 29 40 99 44 69 37 90 85 34 58 79 67 27 57 72 50 13 26 0 52 48 35 65 83 23 17 
 98 47 45 60 68 28 11 59 92 3 18 88 72 84 31 44 91 73 35 13 26 57 89 87 55 41 46 78 30 5 74 7 24 33 77 81 66 54 19 76 86 8 6 36 95 2 32 63 64 17 93 14 23 25 15 56 80 51 20 71 21 10 62 43 38 82 70 42 61 97 22 94 49 39 53 1 12 75 4 29 40 99 34 85 90 58 67 27 16 50 0 37 79 69 65 96 52 48 83 9 
 98 92 8 54 56 28 11 59 26 45 60 0 91 3 18 78 66 80 74 20 16 31 19 95 51 76 68 7 57 24 77 36 47 2 50 27 5 89 87 55 46 41 30 64 96 65 73 58 9 35 71 21 10 62 43 32 63 72 94 38 42 70 82 61 97 22 90 49 81 6 39 53 1 4 75 12 33 29 40 99 44 34 85 25 67 84 86 13 14 52 83 23 15 37 79 69 93 88 48 17 
 98 45 60 28 92 91 18 72 59 11 80 53 79 78 31 58 20 93 69 25 89 87 5 19 63 41 46 54 66 74 7 33 77 36 95 2 51 32 21 30 64 35 96 10 83 62 43 47 24 76 57 55 37 71 27 82 70 42 61 97 22 94 49 88 68 81 6 8 84 4 75 12 29 40 99 44 90 85 34 86 67 39 56 73 9 65 50 1 38 16 13 26 0 23 15 3 52 48 14 17 
 98 60 11 92 91 3 18 89 87 41 30 5 78 82 56 8 7 74 46 73 58 9 20 16 31 59 19 72 90 66 68 51 77 36 95 2 47 32 63 80 24 76 57 55 64 17 71 21 10 62 43 38 45 54 33 26 99 70 42 61 97 22 94 49 81 6 39 53 1 4 75 12 29 40 44 34 85 83 0 50 67 28 84 86 13 14 96 52 25 23 15 37 79 69 93 65 88 27 48 35 
 98 47 45 31 60 28 68 92 8 86 81 6 3 32 59 11 53 41 46 78 30 5 74 7 24 33 77 36 95 51 99 56 44 50 10 18 65 62 12 66 29 83 91 80 2 13 63 54 43 67 76 57 55 37 71 38 82 94 61 97 22 42 4 19 84 39 14 16 89 1 49 75 85 90 34 58 72 64 21 70 40 27 20 26 88 25 23 15 87 79 69 93 73 35 9 0 52 48 96 17 
 98 60 11 56 92 91 25 3 18 87 55 30 5 89 96 78 66 33 47 84 8 86 80 76 37 7 46 73 58 9 20 16 31 77 36 95 45 51 32 63 19 24 57 41 50 35 21 10 62 43 38 82 70 42 2 54 26 83 61 97 22 94 49 88 68 81 6 39 1 4 75 12 29 40 99 44 34 85 27 71 90 0 64 53 72 67 13 28 59 14 52 23 15 74 79 69 93 65 48 17 
 98 47 45 31 60 28 68 92 8 86 81 6 3 32 59 11 14 41 46 78 30 5 74 7 24 33 77 36 95 51 99 56 44 50 10 18 65 62 12 66 29 83 91 80 2 20 63 54 43 67 76 57 55 37 71 38 82 94 61 97 22 42 4 19 84 39 53 16 89 1 49 75 85 90 34 58 72 64 21 70 27 40 13 26 88 25 23 15 87 79 69 93 73 35 9 0 52 48 96 17 
 98 47 45 31 60 28 68 92 8 86 81 6 3 32 59 11 53 41 46 78 30 5 74 7 24 33 77 36 95 51 99 56 44 50 10 18 65 62 12 66 29 83 91 80 2 20 63 54 43 67 88 57 55 37 71 38 82 94 61 97 22 42 4 19 84 39 14 16 89 1 49 75 85 90 34 58 72 64 21 70 27 40 13 26 76 25 23 15 87 79 69 93 73 35 9 0 52 48 96 17 
 98 47 45 31 60 28 92 8 86 3 32 59 11 41 46 78 30 5 74 7 24 33 77 36 95 51 99 56 44 50 10 18 65 62 66 93 91 80 2 20 63 54 43 67 76 57 55 37 71 38 82 19 84 14 16 89 85 90 42 61 97 22 94 49 88 68 81 6 39 53 1 4 75 12 29 34 58 72 64 21 70 27 40 13 26 0 23 15 87 79 69 83 73 35 9 25 52 48 96 17 
 98 60 11 68 91 3 18 78 66 56 8 80 20 16 31 59 33 19 45 54 95 51 76 0 7 92 57 24 77 36 47 2 50 27 5 89 87 55 46 41 30 64 96 65 73 58 9 35 71 21 10 62 43 32 63 72 94 38 42 70 82 61 97 22 90 49 81 6 39 53 1 4 75 12 29 99 40 44 34 26 85 83 74 67 28 84 86 13 14 52 25 23 15 37 79 69 93 88 48 17 
 98 60 11 56 92 91 25 3 18 87 55 30 5 89 96 78 66 33 47 84 8 86 80 76 74 7 46 73 58 9 20 16 31 77 36 95 45 51 32 63 19 24 57 41 64 35 71 21 10 62 43 38 82 70 42 2 54 26 83 61 97 22 94 49 88 68 81 6 39 27 1 4 75 12 29 40 99 44 34 85 90 0 50 53 72 67 13 28 59 14 52 23 15 37 79 69 93 65 48 17 
 98 47 45 31 60 28 92 8 86 3 32 59 11 41 46 78 30 5 74 7 24 33 77 36 95 51 99 56 44 50 10 18 65 62 66 93 91 80 2 20 63 54 43 67 76 57 55 37 71 38 82 19 84 14 16 89 85 90 42 61 97 22 94 49 88 68 81 6 39 53 1 4 75 12 29 34 58 72 64 21 70 27 40 13 26 25 23 15 87 79 69 83 73 35 9 0 52 48 96 17 
 98 47 45 31 60 28 68 92 8 86 81 6 3 32 59 11 53 41 46 78 30 5 74 7 24 33 77 36 95 51 99 56 44 50 10 18 65 62 12 66 29 83 91 80 2 20 63 54 43 67 76 57 55 37 71 38 82 94 61 97 22 42 4 19 84 39 14 16 89 1 49 75 85 90 34 58 72 64 21 70 27 40 13 26 88 25 23 15 87 79 69 93 73 35 9 0 52 48 96 17 
 98 60 11 92 91 3 18 89 87 41 30 5 78 66 56 8 7 74 46 73 58 9 20 16 31 59 19 72 90 82 68 51 77 36 95 2 47 32 63 80 24 76 57 55 64 17 71 21 10 62 43 38 45 54 33 26 99 70 42 61 97 22 94 49 81 6 39 53 1 4 75 12 29 40 44 34 85 83 0 50 67 28 84 86 13 14 96 52 25 23 15 37 79 69 93 65 88 27 48 35 
 45 60 15 9 56 28 11 59 92 98 3 18 31 8 86 80 50 20 93 69 21 87 5 19 63 41 54 66 74 7 33 77 36 95 2 51 32 46 30 35 96 10 83 62 43 47 24 57 37 38 82 42 61 97 22 94 49 88 68 81 6 84 12 29 16 89 1 4 75 85 90 34 58 72 64 76 55 70 27 71 40 13 26 0 25 23 99 44 67 39 53 91 73 79 78 65 17 14 52 48 
 98 60 11 68 91 3 18 78 66 56 8 80 20 16 31 59 33 19 45 54 95 51 76 0 7 92 57 24 77 36 47 2 50 27 5 89 87 55 46 41 30 64 96 65 73 58 9 35 71 21 10 62 43 32 63 72 94 38 42 70 82 61 97 22 90 49 81 6 39 53 1 4 75 12 29 40 99 44 34 26 85 83 74 67 28 84 86 13 14 52 25 23 15 37 79 69 93 88 48 17 
 98 60 11 68 72 92 91 3 18 89 87 41 30 5 96 78 66 47 28 56 33 84 8 86 80 7 74 76 46 73 58 9 20 16 97 31 44 77 36 95 45 51 32 63 19 24 57 55 64 35 71 21 10 62 43 38 82 70 42 61 2 54 34 59 22 94 49 81 6 39 53 1 4 75 12 29 40 99 85 90 67 27 50 13 26 0 25 23 15 37 79 69 93 65 88 52 48 14 83 17 
 97 57 7 21 69 37 38 24 1 90 98 9 48 68 56 11 42 4 51 77 13 47 70 40 29 54 60 86 45 33 72 36 26 83 62 10 15 17 96 91 6 43 8 28 81 39 66 84 82 49 85 31 64 53 88 75 94 12 67 35 73 23 0 25 65 18 3 30 19 50 14 44 80 32 95 99 59 52 92 2 34 61 74 55 87 89 5 78 63 20 93 58 79 41 46 76 22 71 27 16 
 57 55 21 69 37 35 68 23 0 38 24 1 90 98 9 48 67 92 56 11 42 4 51 77 13 47 70 40 29 54 41 30 60 39 45 33 75 94 72 12 36 50 83 62 65 18 3 73 10 15 17 96 91 6 43 8 28 81 86 66 53 84 31 79 46 82 85 88 25 64 93 58 20 22 76 5 74 7 87 89 14 78 63 19 26 44 80 32 95 99 59 52 2 34 61 71 49 27 97 16 
 57 7 37 69 21 38 24 1 90 35 9 48 68 51 6 31 39 79 88 13 40 11 45 50 18 83 62 60 66 41 46 84 77 47 85 82 4 70 72 86 36 25 64 78 3 73 10 15 17 96 91 43 8 28 81 56 54 76 33 75 94 12 98 23 0 65 93 58 20 22 30 5 74 55 87 89 14 29 67 53 63 19 26 44 80 32 95 99 59 52 92 2 34 61 71 42 49 27 97 16 
 97 57 7 21 89 37 35 23 0 38 24 1 90 98 9 48 39 68 51 13 40 11 45 50 18 15 62 60 66 41 46 84 77 47 85 82 4 70 72 86 36 25 64 78 3 73 10 83 17 96 91 43 8 28 81 56 54 76 33 75 94 12 67 63 30 53 88 19 26 14 44 80 32 95 99 59 52 92 65 2 34 61 5 74 55 87 69 58 20 93 79 71 42 49 29 27 16 6 31 22 
 97 57 7 21 69 37 35 23 0 24 1 90 98 9 63 14 59 92 56 11 42 4 51 77 13 47 70 40 29 88 41 30 48 86 45 33 75 94 72 12 36 50 83 62 65 18 3 73 10 15 17 96 91 6 43 8 28 81 39 66 53 84 82 49 54 46 44 68 80 26 25 64 5 78 76 22 95 67 60 27 85 61 19 74 55 87 89 58 20 93 79 38 32 99 2 34 71 52 31 16 
 97 57 7 21 89 37 35 23 0 38 24 71 90 98 9 48 39 68 51 13 40 11 45 50 18 83 62 60 66 41 46 84 77 47 85 82 4 70 72 86 36 25 64 78 3 73 10 15 17 96 91 43 8 28 81 56 54 76 33 75 94 12 67 63 30 53 88 19 26 14 44 32 80 95 99 59 52 92 65 2 34 61 5 74 55 87 69 58 20 93 79 1 49 29 6 42 22 27 31 16 
 27 57 7 21 69 37 35 23 0 88 46 24 1 90 98 9 44 67 39 29 42 14 59 49 68 4 51 77 13 47 70 40 11 54 48 41 30 60 86 80 45 33 75 94 72 43 12 36 26 50 92 83 62 65 18 17 73 10 15 3 96 91 97 28 6 95 56 66 53 63 81 84 85 8 82 31 78 25 64 5 76 22 61 19 74 55 87 89 58 20 93 79 38 32 99 2 34 71 52 16 
 57 7 21 69 37 24 38 1 76 35 9 48 8 81 68 51 6 31 13 40 11 45 50 10 15 17 83 91 96 43 62 39 60 29 56 66 41 46 84 77 47 82 85 4 70 72 86 36 28 54 33 88 53 75 94 12 67 98 73 23 0 25 65 18 64 93 58 79 20 22 90 3 30 5 74 55 87 89 14 78 63 19 26 44 80 92 95 99 59 52 32 2 34 61 71 42 49 27 97 16 
 97 57 7 21 69 37 35 23 0 38 24 1 90 98 9 48 67 92 56 11 42 4 51 77 13 47 70 40 29 54 41 30 60 86 45 33 75 94 72 12 36 50 83 62 65 18 3 73 10 15 17 96 91 6 43 8 28 81 39 66 53 84 82 49 68 34 85 31 87 5 74 55 88 89 14 20 79 63 19 26 93 58 44 80 32 95 99 59 52 25 64 61 71 78 46 2 76 22 27 16 
 57 7 21 69 37 38 24 1 90 98 48 15 40 11 45 17 81 92 43 91 3 50 10 51 13 68 31 83 96 9 62 8 28 60 6 95 56 66 41 46 84 77 47 82 85 4 70 72 86 36 49 54 33 88 53 75 94 12 67 35 73 23 0 25 65 18 39 79 64 2 58 29 20 22 76 30 5 74 55 87 89 14 78 63 19 26 44 80 32 99 59 52 93 34 61 71 42 27 97 16 
 97 57 7 21 69 37 35 23 0 24 1 90 63 14 98 9 48 59 92 56 11 42 4 51 77 13 47 70 40 29 88 41 30 60 86 45 33 75 94 72 12 36 50 83 62 65 18 3 73 10 15 17 96 91 6 43 8 28 54 46 44 66 39 49 68 80 81 26 25 64 5 78 76 22 84 95 67 53 27 82 85 61 19 74 55 79 89 58 20 93 87 38 32 99 2 34 71 52 31 16 
 57 7 21 69 37 38 24 1 76 35 9 48 8 81 68 51 6 31 13 40 11 45 50 10 15 17 83 91 96 43 62 39 60 79 56 66 41 46 84 77 47 82 85 4 70 72 86 36 28 54 33 88 53 75 94 12 67 98 73 23 0 25 65 18 64 93 58 29 20 22 90 3 30 5 74 55 87 89 14 78 63 19 26 44 80 32 95 99 59 52 92 2 34 61 71 42 49 27 97 16 
 7 21 27 37 57 24 2 98 48 11 90 38 49 40 68 81 43 47 51 13 91 50 10 15 31 83 56 96 9 62 8 28 60 6 39 66 41 77 84 29 82 85 4 70 72 86 36 17 88 45 54 33 75 94 12 67 35 73 74 53 46 23 0 25 65 18 20 93 22 58 76 64 3 30 5 79 55 87 89 14 78 63 19 26 44 80 32 95 99 59 52 92 1 34 61 71 42 69 97 16 
 57 7 21 69 37 38 24 1 90 98 48 68 40 11 45 17 81 25 92 43 47 91 18 3 50 10 51 77 13 15 31 83 56 96 9 62 8 28 60 6 95 39 66 54 79 35 41 46 84 82 85 4 70 72 86 36 33 88 53 75 94 12 67 64 2 58 29 20 22 76 30 23 0 65 73 5 74 55 87 89 14 78 63 19 26 44 80 32 99 59 52 93 34 61 71 42 49 27 97 16 
 97 57 7 21 69 37 35 23 0 88 46 24 1 90 98 9 44 66 28 29 42 14 59 49 68 4 51 77 13 47 70 40 11 54 41 30 60 86 80 45 33 75 94 72 12 36 95 50 92 83 48 65 18 17 73 10 15 3 96 91 27 85 43 39 81 62 25 64 5 78 76 22 84 6 26 56 67 53 63 82 38 61 19 74 55 87 89 58 20 93 79 8 32 99 2 34 71 52 31 16 
 57 7 21 69 37 38 24 1 90 98 48 68 40 11 45 17 81 25 92 43 47 91 18 3 50 10 51 77 13 15 31 83 56 96 9 62 8 28 60 6 95 39 66 54 79 35 41 46 84 82 85 4 70 72 86 36 33 88 53 75 94 12 67 64 2 58 29 20 22 76 73 23 0 65 30 5 74 55 87 89 14 78 63 19 26 44 80 32 99 59 52 93 34 61 71 42 49 27 97 16 
 97 57 7 21 69 37 38 24 1 90 98 9 48 92 56 33 60 68 51 77 13 40 11 45 50 83 10 15 17 96 91 6 43 8 28 81 39 66 41 46 84 29 47 82 85 4 70 72 86 36 49 54 42 88 53 75 94 12 67 35 73 23 0 25 65 18 3 30 76 5 74 55 87 89 14 20 93 63 19 26 78 58 31 64 62 59 44 95 52 79 80 32 99 2 34 22 61 71 27 16 
 97 57 7 21 89 37 35 23 0 38 24 71 90 98 9 48 39 68 51 13 40 11 45 50 18 83 62 60 66 41 46 84 77 47 85 82 4 70 72 86 36 25 64 78 3 73 10 15 17 96 91 43 8 28 81 56 54 76 33 75 94 12 67 63 30 53 88 19 26 14 44 80 32 95 99 59 52 92 65 2 34 61 5 74 55 87 69 58 20 93 79 1 49 29 6 42 22 27 31 16 
 97 57 7 21 69 37 35 23 0 27 38 24 1 61 98 9 48 67 39 81 36 4 51 77 13 47 70 40 11 54 41 60 86 45 33 75 94 72 12 68 50 83 96 65 18 3 73 10 91 17 15 62 43 8 28 6 56 90 84 82 85 31 5 74 78 63 25 64 55 87 89 30 53 88 66 26 14 20 58 93 44 80 32 95 99 59 52 92 2 34 19 29 42 49 71 79 46 76 22 16 
 97 57 7 21 89 37 35 23 0 38 24 71 90 98 9 48 39 68 51 13 40 11 45 50 18 83 62 60 66 41 46 84 77 47 85 82 4 70 72 86 36 25 64 78 3 73 10 15 17 96 91 43 8 28 81 56 54 76 33 75 94 12 67 63 30 53 88 19 26 14 44 80 32 95 99 59 52 92 65 2 34 61 5 74 55 87 69 58 20 93 79 1 42 49 29 27 16 6 31 22 
 97 57 38 21 89 37 35 23 0 7 24 1 90 98 9 48 39 68 51 13 40 11 60 66 41 46 84 77 47 85 82 4 70 86 45 33 75 94 72 12 36 50 83 62 65 18 3 73 10 15 17 96 91 6 43 8 25 64 78 28 81 56 54 76 67 63 30 53 88 19 26 14 44 80 32 95 99 59 52 92 2 34 61 5 74 55 87 69 58 20 93 79 71 42 49 29 27 16 31 22 
 97 57 7 21 69 37 35 23 0 38 24 1 90 98 9 48 67 92 56 11 42 4 51 77 13 47 70 40 29 54 41 30 60 86 45 33 75 94 72 12 36 50 83 62 65 18 3 73 10 15 17 96 91 6 43 8 28 81 39 66 53 84 82 49 68 34 85 31 87 5 74 55 88 89 14 20 78 63 19 26 93 58 44 80 32 95 99 59 52 25 64 61 71 79 46 2 76 22 27 16 
 97 57 7 21 37 35 23 49 38 24 1 90 98 9 48 67 92 56 11 42 4 51 77 13 47 70 40 29 54 41 30 60 31 45 33 75 94 72 12 36 50 83 62 65 18 3 73 10 15 17 96 91 6 43 8 28 81 39 66 53 84 82 0 68 34 85 86 88 5 74 89 14 78 63 19 26 44 80 32 95 99 59 52 25 55 87 69 58 20 93 79 64 61 71 46 2 76 22 27 16 
 57 7 21 69 37 38 24 1 90 98 9 48 79 46 92 35 23 67 56 11 42 4 51 77 13 47 70 40 29 54 41 30 60 86 45 33 75 94 72 12 36 50 83 62 65 18 3 73 10 15 17 96 91 6 43 8 28 81 39 66 53 84 82 49 68 34 85 31 88 5 74 55 87 89 14 20 78 63 19 26 93 58 44 80 32 95 99 59 52 25 64 61 71 0 76 2 22 27 97 16 
 97 57 7 21 69 37 35 23 0 38 24 1 90 98 9 48 67 92 56 11 42 4 51 77 13 47 70 40 29 54 41 30 60 86 45 33 75 94 72 12 36 50 83 62 65 18 3 73 10 15 17 96 91 6 43 8 28 81 39 66 53 84 82 49 68 34 85 31 88 5 74 55 87 89 14 20 78 63 19 26 93 58 44 80 32 95 99 59 52 25 64 61 71 79 46 2 76 22 27 16 
 11 80 99 28 50 86 62 52 88 79 7 27 71 57 89 16 90 78 12 81 68 70 29 95 72 18 92 19 46 9 66 49 75 94 61 97 58 3 65 31 15 48 17 98 73 96 10 83 91 35 13 60 23 8 6 56 40 20 93 39 0 74 21 55 41 14 25 64 43 4 82 1 32 2 85 59 84 77 26 30 63 53 37 87 69 22 5 76 34 42 45 36 51 47 44 67 38 33 24 54 
 59 99 80 95 86 11 52 88 85 57 89 16 74 46 1 29 68 26 2 56 61 70 75 82 4 97 90 49 72 18 3 65 15 9 71 69 93 5 79 50 6 48 31 60 43 44 13 40 10 96 64 41 37 35 28 32 39 0 17 98 73 23 27 38 21 83 91 92 58 78 19 54 66 30 87 20 76 34 62 25 8 45 36 51 47 77 81 22 7 53 94 55 42 14 84 63 12 67 33 24 
 46 80 86 28 11 56 88 79 92 50 16 59 90 20 58 0 71 2 8 81 95 70 29 72 68 18 3 65 23 52 30 89 61 66 9 1 94 39 55 41 78 74 7 21 14 15 60 25 64 73 10 93 17 35 62 96 43 49 4 75 32 13 99 6 85 82 38 77 26 63 53 37 97 87 69 22 98 83 91 48 5 27 76 34 42 40 45 36 51 47 31 44 57 19 67 84 12 33 24 54 
 11 80 99 28 50 86 30 52 79 7 27 85 69 88 74 46 19 59 68 72 26 39 0 70 71 57 89 16 90 49 4 82 61 97 58 98 65 18 15 48 43 3 73 96 10 83 91 35 13 60 23 9 92 62 31 6 56 40 20 93 37 38 32 44 78 12 81 95 29 8 66 75 94 21 55 41 14 17 25 64 1 2 84 77 63 53 87 22 5 76 34 42 45 36 51 47 67 33 24 54 
 19 80 86 28 11 56 88 30 92 20 16 78 50 12 36 70 29 72 68 18 3 65 15 52 89 66 21 9 48 79 49 1 94 39 0 74 7 61 55 41 17 23 60 25 64 73 96 93 14 71 35 62 10 43 81 75 32 2 85 13 99 6 84 77 59 26 58 37 22 4 38 63 53 97 87 69 98 83 91 82 5 27 90 76 34 42 40 45 95 51 47 31 44 57 46 67 8 33 24 54 
 11 80 99 56 6 28 95 50 86 62 88 92 19 16 82 78 46 17 81 70 29 68 72 18 52 89 5 61 66 49 1 94 39 0 3 65 15 98 71 93 69 74 7 21 55 41 14 35 23 8 60 25 79 64 73 10 96 43 4 75 32 2 85 59 84 77 13 26 30 63 53 58 37 97 87 22 9 83 91 48 27 90 76 34 42 40 45 36 51 47 31 44 57 20 67 38 12 33 24 54 
 99 56 80 28 11 88 79 27 85 69 71 57 89 16 5 90 74 49 1 26 0 39 12 82 61 97 58 3 65 18 15 48 98 73 83 91 23 9 52 31 60 7 70 4 94 53 43 86 44 6 95 50 62 92 20 78 46 8 81 29 68 72 66 55 93 21 41 14 35 17 25 64 10 96 75 32 2 59 84 77 13 63 37 87 22 30 76 34 42 40 45 36 51 47 19 67 38 33 24 54 
 19 80 86 28 11 56 88 79 92 20 16 78 50 12 36 70 45 72 68 18 3 65 15 52 89 66 61 9 82 30 49 1 94 39 0 74 7 21 55 41 17 23 60 25 64 73 96 93 14 71 35 62 10 43 81 75 32 2 85 13 99 6 84 77 59 26 58 37 22 4 38 63 53 97 87 69 98 83 91 48 5 27 90 76 34 42 40 29 95 51 47 31 44 57 46 67 8 33 24 54 
 46 44 86 11 56 88 79 92 20 16 82 90 50 8 28 81 95 70 29 72 68 18 3 65 15 52 89 66 61 9 1 94 39 55 41 30 0 74 14 23 25 64 22 93 17 96 43 49 4 75 32 2 85 13 99 38 77 59 26 63 53 73 97 69 10 98 48 5 78 21 58 37 71 35 62 87 27 31 83 91 7 57 60 76 6 34 42 40 45 36 51 47 80 19 67 84 12 33 24 54 
 99 56 80 28 11 88 79 27 85 69 71 57 89 16 5 90 74 49 1 26 39 0 12 82 61 97 58 3 65 18 15 48 98 73 83 91 23 9 52 31 60 7 70 4 94 53 43 86 44 6 95 50 62 92 20 78 46 8 81 29 68 72 66 55 93 21 41 14 35 17 25 64 10 96 75 32 2 59 84 77 13 63 37 87 22 30 76 34 42 40 45 36 51 47 19 67 38 33 24 54 
 50 80 95 28 99 86 11 31 52 88 79 7 27 85 69 71 57 89 16 5 90 74 49 1 26 39 0 70 4 66 46 59 12 30 82 61 97 58 3 65 15 48 17 98 73 96 10 83 91 35 13 60 23 8 6 56 40 20 93 37 38 32 44 64 34 75 29 68 72 78 21 22 76 2 62 9 25 43 92 41 19 87 18 45 36 51 47 77 81 53 94 55 42 54 14 84 63 67 33 24 
 11 80 99 56 6 28 95 50 52 88 79 7 27 85 69 71 57 89 16 5 90 74 49 1 26 39 0 70 4 24 30 82 61 97 58 3 65 18 15 48 43 98 73 96 10 83 91 35 86 62 92 19 78 46 17 81 29 68 72 9 66 94 93 21 55 41 14 23 60 8 25 64 75 32 2 59 84 77 13 63 53 37 87 22 76 38 42 40 45 36 51 47 31 44 20 67 34 33 12 54 
 50 95 80 28 99 86 11 31 41 88 79 7 27 85 69 71 57 89 16 5 90 74 49 1 26 39 0 70 4 12 30 46 61 97 58 3 65 18 15 48 43 98 73 96 10 83 91 35 13 60 23 9 6 56 40 20 93 37 38 29 44 64 52 78 66 75 32 68 72 82 22 76 2 62 8 25 17 92 34 19 87 21 45 36 51 47 59 77 81 53 94 55 42 14 84 67 33 24 54 63 
 46 44 86 11 56 88 79 92 20 16 82 90 50 8 28 81 95 70 29 72 68 18 3 65 15 52 89 66 61 9 1 94 39 55 41 0 30 74 14 23 25 64 22 93 17 96 43 49 4 75 32 2 85 13 99 38 77 59 26 63 53 73 27 69 10 98 48 5 78 21 58 37 71 35 62 87 97 31 83 91 7 57 60 76 6 34 42 40 45 36 51 47 80 19 67 84 12 33 24 54 
 50 99 80 28 95 86 11 18 46 1 7 27 87 69 88 5 74 52 79 59 26 39 0 37 71 57 89 16 90 49 4 12 30 55 82 61 97 58 3 65 31 15 48 17 98 73 96 10 83 91 35 13 60 23 9 6 56 40 20 93 70 38 32 44 64 34 75 29 68 72 78 66 22 76 2 62 8 25 43 92 41 19 85 21 45 36 51 47 77 81 53 94 42 54 14 84 67 33 24 63 
 19 80 86 28 11 56 88 30 92 20 16 78 50 12 36 70 29 72 68 18 3 65 15 52 89 66 61 9 48 79 49 1 94 39 0 74 7 21 55 41 17 23 60 25 64 73 96 93 14 71 35 62 10 43 81 75 32 2 85 13 99 6 84 77 59 26 58 37 22 4 38 63 53 97 87 69 98 83 91 82 5 27 90 76 34 42 40 45 95 51 47 31 44 57 46 67 8 33 24 54 
 11 80 99 56 6 28 95 50 86 62 88 79 92 20 16 82 78 46 60 81 70 29 68 72 18 52 89 61 66 49 1 63 39 0 3 65 15 9 71 93 69 74 7 21 55 41 14 35 23 8 17 25 64 73 10 96 43 4 75 32 2 27 59 84 77 13 26 94 53 58 22 97 87 37 30 98 83 91 48 5 85 90 76 34 42 40 45 36 51 47 31 44 57 19 67 38 12 33 24 54 
 54 94 81 95 43 92 71 16 79 55 97 90 82 1 39 70 29 48 78 18 3 65 15 52 9 0 61 22 23 69 68 53 25 64 41 14 20 46 28 56 86 98 66 74 89 73 10 96 93 17 35 62 88 75 32 4 77 2 85 13 99 6 38 11 59 26 67 80 31 63 72 49 27 58 37 87 21 5 30 83 91 7 57 60 76 34 42 40 45 19 44 50 8 36 51 47 12 84 33 24 
 54 94 81 95 43 92 71 16 79 55 97 90 82 1 39 70 29 48 78 18 3 65 15 52 9 0 61 22 23 69 68 53 25 64 5 14 20 46 28 56 86 98 66 74 89 73 10 96 93 17 35 62 88 75 32 4 77 2 85 13 99 6 38 11 59 26 67 80 31 63 72 49 27 58 37 87 21 41 30 83 91 7 57 60 76 34 42 40 45 19 44 50 8 36 51 47 12 84 33 24 
 50 95 80 28 99 86 11 52 79 7 27 85 69 88 74 46 19 59 68 72 26 39 0 70 71 57 89 16 90 49 4 82 61 97 58 3 65 18 15 48 43 98 73 96 10 83 91 35 13 60 23 9 92 62 31 6 56 40 20 93 37 38 32 44 64 34 78 66 75 29 22 76 2 30 8 25 17 12 41 5 1 87 21 45 36 51 47 77 81 53 94 55 42 14 84 67 33 24 54 63 
 26 54 94 4 11 85 71 90 24 92 20 16 78 46 8 81 95 70 29 68 72 18 3 65 15 52 30 89 61 66 49 1 39 79 55 88 97 22 23 69 38 43 53 25 64 5 14 28 56 86 9 48 74 98 73 10 96 93 17 35 62 77 75 32 99 13 67 80 59 82 63 27 58 37 87 21 41 0 31 83 91 7 57 60 76 6 34 42 40 45 19 44 50 36 51 47 12 84 33 2 
 80 99 56 6 28 95 86 50 11 18 52 1 57 27 85 16 88 5 74 46 79 59 26 39 0 70 71 7 89 69 90 49 84 30 82 61 97 58 3 65 31 15 48 17 98 73 96 10 83 91 35 13 60 23 9 40 20 93 37 38 4 32 44 64 34 75 29 68 72 78 66 22 76 2 62 8 25 43 92 41 19 87 21 45 36 51 47 77 81 53 94 55 42 14 12 67 33 24 54 63 
 46 80 86 28 11 56 88 79 92 20 16 59 90 50 8 81 95 70 29 72 68 18 3 65 15 52 58 89 66 61 9 1 94 39 55 41 0 78 30 74 48 21 14 23 60 25 64 73 10 93 17 71 35 62 96 43 49 4 75 32 2 85 82 13 99 6 38 77 26 63 53 37 97 87 69 22 98 83 91 7 5 27 76 34 42 40 45 36 51 47 31 44 57 19 67 84 12 33 24 54 
 80 99 56 50 6 28 95 86 11 31 23 52 78 79 9 66 27 85 88 7 69 71 57 89 16 5 90 74 67 1 26 39 0 70 4 24 30 82 61 97 58 3 65 18 15 48 43 62 92 19 46 17 81 29 68 72 94 93 21 55 41 14 35 60 8 25 64 73 10 96 75 32 2 59 84 77 13 63 53 37 87 22 98 83 91 76 34 42 40 45 36 51 47 44 20 49 38 33 12 54 
 57 11 50 86 62 28 56 88 79 92 73 16 82 78 46 8 81 95 70 29 68 72 18 3 65 15 52 89 61 71 66 49 1 94 39 0 74 7 21 55 41 14 35 23 60 17 25 64 20 10 96 43 4 93 75 32 2 85 13 99 6 84 77 59 26 63 53 30 58 37 69 87 97 22 9 98 83 91 48 5 27 90 76 34 42 40 45 36 51 47 31 44 80 19 67 38 54 12 33 24 
 11 80 99 56 6 28 95 50 86 62 92 19 16 82 78 46 17 81 70 29 68 72 18 3 65 15 52 30 89 34 66 49 1 94 39 0 74 7 21 55 41 88 79 9 71 69 93 5 14 35 23 60 8 25 64 73 10 96 43 4 75 32 2 85 59 84 77 13 26 63 53 58 37 97 87 22 98 83 91 48 27 90 76 61 42 40 45 36 51 47 31 44 57 20 67 38 12 33 24 54 
 80 86 28 56 11 85 71 90 2 92 20 16 0 46 88 79 82 50 8 81 95 70 29 72 68 18 3 65 23 52 30 89 61 66 9 1 94 39 55 41 78 74 7 21 14 15 60 25 64 73 10 93 17 35 62 96 43 49 4 75 32 13 99 6 38 77 59 26 63 53 58 37 97 87 69 22 98 83 91 48 5 27 76 34 42 40 45 36 51 47 31 44 57 19 67 84 12 33 24 54 
 11 80 99 56 6 28 95 50 86 62 88 79 92 20 16 82 78 46 60 81 70 29 68 72 18 52 89 61 66 49 1 94 39 0 3 65 15 9 71 93 69 74 7 21 55 41 14 35 23 8 17 25 64 73 10 96 43 4 75 32 2 27 59 84 77 13 26 63 53 58 22 97 87 37 30 98 83 91 48 5 85 90 76 34 42 40 45 36 51 47 31 44 57 19 67 38 12 33 24 54 
 26 54 94 4 11 85 71 90 68 92 20 16 78 46 8 81 95 70 29 2 72 18 25 65 15 52 30 89 61 66 49 1 39 79 55 88 97 22 23 69 38 43 53 3 64 5 14 28 56 86 9 48 74 98 73 10 96 93 17 35 62 77 75 32 99 13 67 80 59 82 63 27 58 37 87 21 41 0 31 83 91 7 57 60 76 6 34 42 40 45 19 44 50 36 51 47 12 84 33 24 
 82 54 99 77 94 81 95 4 11 85 86 92 71 16 90 31 1 39 70 29 48 78 18 3 65 15 52 9 0 38 2 61 97 41 7 88 79 23 69 55 14 20 46 28 56 72 50 43 66 74 89 73 10 96 93 17 35 62 25 64 26 67 80 60 13 63 75 32 53 49 27 58 5 21 37 87 98 30 22 57 44 83 91 68 59 76 6 34 42 40 45 19 8 36 51 47 12 84 33 24 
 11 80 99 56 6 28 50 86 62 31 23 52 88 79 7 27 71 57 89 16 90 93 78 12 81 95 70 29 68 72 18 3 65 15 92 19 46 8 9 61 66 49 75 94 39 0 74 21 55 41 14 35 60 17 25 64 73 10 96 43 4 82 1 32 2 85 59 84 77 13 26 30 63 53 58 37 97 87 69 22 98 83 91 48 5 76 34 42 40 45 36 51 47 44 20 67 38 33 24 54 
 50 99 80 28 95 86 11 18 46 1 7 27 85 69 88 5 74 52 79 59 26 39 0 70 71 57 89 16 90 49 4 12 30 82 61 97 58 3 65 31 15 48 17 98 73 96 10 83 91 35 13 60 23 8 6 56 40 20 93 37 38 32 44 64 34 75 29 68 72 78 66 22 76 2 62 9 25 43 92 41 19 87 21 45 36 51 47 77 81 53 94 55 42 54 14 84 63 67 33 24 
 50 99 80 28 95 86 11 18 52 1 7 27 85 69 88 5 74 46 79 59 26 39 0 70 71 57 89 16 90 49 4 12 30 82 61 97 58 3 65 31 15 48 17 98 73 96 10 83 91 35 13 60 23 8 6 56 40 20 93 37 38 32 44 64 34 75 29 68 72 78 66 22 76 2 62 9 25 43 92 41 19 87 21 45 36 51 47 77 81 53 94 55 42 54 14 84 63 67 33 24 
 46 80 86 28 11 56 88 79 92 20 16 59 90 50 8 81 95 70 29 72 68 18 3 65 15 52 58 89 66 61 9 1 94 39 55 41 0 78 30 74 7 21 14 23 60 25 64 73 10 93 17 71 35 62 96 43 49 4 75 32 2 85 82 13 99 6 38 77 26 63 53 37 97 87 69 22 98 83 91 48 5 27 76 34 42 40 45 36 51 47 31 44 57 19 67 84 12 33 24 54 
 19 80 86 28 11 56 88 79 92 20 16 78 50 12 36 70 29 72 68 18 3 65 15 52 89 66 61 9 82 30 49 1 94 39 0 74 7 21 55 41 17 23 60 25 64 73 96 93 14 71 35 62 10 43 81 75 32 2 85 13 99 6 84 77 59 26 58 37 22 4 38 63 53 97 87 69 98 83 91 48 5 27 90 76 34 42 40 45 95 51 47 31 44 57 46 67 8 33 24 54 
 26 54 94 81 95 4 11 85 92 71 16 79 55 97 90 82 1 39 70 29 48 78 18 3 65 15 52 9 0 38 2 61 22 23 69 43 68 53 25 64 5 14 20 46 28 56 86 98 66 74 89 73 10 96 93 17 35 62 88 77 75 32 99 13 67 80 59 31 63 72 49 27 58 37 87 21 30 41 83 91 7 57 60 76 6 34 42 40 45 19 44 50 8 36 51 47 12 84 33 24 
 26 54 94 81 95 4 11 85 92 71 16 79 55 97 90 82 1 39 70 29 48 78 18 3 65 15 52 9 0 38 2 61 22 23 69 43 68 53 25 64 5 14 20 46 28 56 86 98 66 74 89 73 10 96 93 17 35 62 88 77 75 32 99 13 67 80 59 31 63 72 49 27 58 37 87 21 41 30 83 91 7 57 60 76 6 34 42 40 45 19 44 50 8 36 51 47 12 84 33 24 
