 25 65 74 24 13 40 29 42 2 47 28 36 63 54 82 85 35 83 96 66 92 46 69 21 64 52 89 10 31 86 88 79 60 94 70 4 38 43 99 75 72 78 41 0 71 14 16 33 51 77 62 48 44 73 58 18 37 56 6 45 8 84 1 49 39 76 19 61 20 93 15 87 67 68 53 3 91 9 17 98 22 26 34 59 11 80 81 12 32 95 50 90 7 27 55 97 57 30 5 23 
 25 65 88 46 63 66 33 13 40 29 42 2 47 28 36 82 85 54 91 96 92 3 15 21 78 52 35 10 0 74 69 60 68 11 94 70 4 49 43 99 75 72 79 41 14 89 16 24 51 77 62 48 83 44 73 58 18 56 6 45 8 84 1 61 20 93 37 55 67 38 53 86 98 17 39 76 19 26 34 59 22 80 81 12 32 95 9 50 90 7 27 87 71 97 57 30 64 5 31 23 
 25 65 46 24 63 29 70 2 42 34 99 47 15 35 10 31 0 56 86 13 40 82 85 54 28 36 57 92 78 21 52 89 5 88 79 75 94 4 49 43 12 72 83 41 76 66 33 51 77 6 45 8 84 39 62 48 44 73 58 91 14 16 98 17 96 18 61 22 20 3 9 90 23 93 37 55 67 38 27 53 30 1 19 26 59 11 80 50 68 81 32 95 60 7 87 71 97 74 64 69 
 25 65 46 89 24 33 42 85 26 99 47 10 15 50 95 86 83 35 31 12 54 48 92 36 28 78 70 4 75 72 29 52 19 21 41 16 63 8 77 60 1 58 56 13 68 96 0 91 14 22 34 20 98 3 62 51 17 73 44 9 18 6 45 84 66 82 61 69 93 37 55 38 79 40 76 59 80 32 81 53 39 11 43 2 67 49 94 90 88 74 7 27 87 71 97 57 30 64 5 23 
 25 65 46 24 63 29 70 2 42 34 99 47 15 35 10 31 0 56 86 13 40 82 85 54 28 36 57 92 78 21 52 89 5 88 79 75 94 4 49 43 12 72 83 41 76 66 33 51 77 62 48 44 73 58 91 14 16 98 17 96 18 61 22 20 3 9 90 23 93 37 55 67 38 27 6 45 8 84 1 53 30 39 19 26 59 11 80 50 68 81 32 95 60 7 87 71 97 74 64 69 
 25 65 74 46 89 24 33 34 40 29 59 2 47 28 36 82 85 16 91 96 92 99 15 17 18 10 95 86 83 50 31 12 54 48 14 78 70 4 75 72 52 0 30 41 63 13 77 60 39 73 58 56 8 68 22 20 3 98 62 51 44 9 35 6 45 26 1 61 69 93 37 55 38 42 76 11 84 80 32 81 43 66 7 57 53 27 87 79 67 49 94 90 88 21 71 97 19 5 64 23 
 25 65 91 46 89 24 53 63 12 42 57 34 29 43 47 15 17 35 10 95 86 83 50 31 26 54 92 36 28 48 78 85 70 4 75 72 96 66 14 62 0 7 21 41 16 33 13 77 60 39 73 58 52 18 56 6 45 8 84 68 90 22 1 71 3 9 98 69 93 37 55 27 38 82 40 76 11 59 44 80 32 81 99 51 2 67 20 79 19 49 94 61 88 30 87 97 74 5 64 23 
 25 65 74 46 89 24 33 34 40 29 59 2 47 28 36 82 85 16 91 96 92 99 15 17 35 10 95 86 83 50 31 12 54 48 14 78 70 4 75 72 52 0 30 41 63 13 77 60 39 73 58 56 8 68 22 20 3 98 62 51 44 9 18 6 45 26 1 61 69 93 37 55 38 42 76 11 84 80 32 81 43 66 7 57 53 27 87 79 67 49 94 90 88 21 71 97 19 5 64 23 
 25 65 74 46 24 13 40 29 42 2 47 28 36 63 54 82 85 35 83 31 66 92 86 69 87 21 52 23 10 7 88 79 60 4 38 43 99 75 72 78 41 0 71 14 16 33 51 77 62 48 44 73 58 18 37 56 90 45 8 84 1 49 39 76 19 61 20 93 15 55 67 68 53 3 91 9 17 98 22 26 34 59 11 80 81 12 32 94 70 95 50 6 27 97 57 96 30 5 64 89 
 25 65 24 13 40 29 42 2 47 28 36 63 54 82 85 35 46 59 83 31 10 92 86 69 87 21 15 52 89 66 7 88 79 60 81 70 4 38 43 99 75 72 78 41 0 71 14 16 33 51 77 62 48 44 73 58 18 37 56 6 45 8 84 1 49 39 76 19 61 20 93 55 67 68 53 3 91 9 17 98 22 26 34 11 80 94 12 32 95 50 90 74 5 27 97 57 30 96 64 23 
 25 65 46 89 24 67 33 42 85 29 99 47 15 17 35 10 95 86 83 50 31 26 13 48 92 28 14 78 70 4 75 72 96 18 52 21 41 16 63 54 77 60 39 73 58 68 8 56 22 34 20 3 98 62 91 9 0 6 45 12 1 61 69 93 37 84 66 7 55 38 2 79 76 11 59 44 80 32 81 43 36 51 40 82 27 97 19 49 94 90 88 53 30 87 71 57 5 74 64 23 
 25 65 91 46 89 24 53 63 12 42 57 34 27 29 47 15 17 35 10 95 86 83 48 31 26 54 92 36 28 50 78 85 70 4 75 72 96 66 14 62 0 30 5 41 16 33 13 77 60 39 73 58 52 18 56 6 45 8 84 68 22 1 7 3 9 98 69 93 37 55 38 82 40 32 99 67 61 76 11 59 44 80 81 43 51 2 19 20 79 49 94 90 88 71 87 97 21 74 64 23 
 25 65 88 46 63 66 33 13 40 29 42 2 47 28 36 82 85 54 91 96 92 3 15 21 78 52 35 10 0 74 69 60 68 22 94 70 4 49 43 50 75 72 79 41 14 89 16 24 51 77 62 48 83 44 73 58 18 56 6 45 8 84 1 90 20 93 37 55 67 38 53 86 98 17 39 76 19 26 34 59 11 80 81 12 32 95 9 99 61 7 27 87 71 97 57 30 64 5 31 23 
 25 65 74 46 89 24 33 42 34 29 99 47 15 17 35 10 95 86 83 50 31 12 54 48 92 36 28 14 78 70 4 75 72 96 52 0 30 41 16 63 13 77 60 39 73 58 56 8 68 22 85 20 3 98 62 51 91 44 9 18 6 45 26 1 61 69 93 37 55 38 59 40 76 11 84 80 32 81 43 66 7 82 57 53 27 87 2 79 67 49 94 90 88 21 71 97 19 5 64 23 
 25 65 46 24 63 42 34 29 99 47 15 35 10 31 0 56 86 13 40 2 82 85 54 28 36 57 92 78 21 52 89 5 88 79 75 94 70 4 49 43 12 72 83 41 76 66 33 51 77 62 48 44 73 58 91 14 16 98 17 96 18 61 22 20 3 9 90 69 93 37 55 67 38 27 6 45 8 84 1 53 30 39 19 26 59 11 80 50 68 81 32 95 60 7 87 71 97 74 64 23 
 25 65 74 46 63 66 33 42 34 29 99 47 15 35 10 95 86 13 40 2 82 85 54 28 36 57 92 78 21 52 89 5 76 79 75 94 70 4 49 43 12 72 83 41 88 68 58 91 14 16 51 77 62 48 98 17 73 96 18 61 22 20 3 9 90 69 93 37 55 67 38 56 6 45 8 84 1 53 30 39 19 26 59 11 44 80 81 60 32 50 24 7 27 87 71 97 64 0 23 31 
 25 65 74 46 89 66 24 67 63 12 42 57 34 27 29 99 47 36 50 86 26 54 82 85 62 15 17 35 10 95 83 31 48 92 76 14 78 70 4 75 72 56 52 0 71 21 41 16 33 13 77 60 39 73 58 18 6 11 8 84 68 61 22 1 20 3 9 98 69 93 37 55 38 49 40 28 45 59 44 80 32 81 43 79 94 2 51 96 7 87 97 19 90 88 53 30 5 91 64 23 
 25 65 88 46 63 66 33 13 40 29 42 2 47 28 36 82 85 54 91 96 92 3 15 21 78 52 35 10 0 74 69 60 68 22 94 70 4 49 43 99 75 72 79 41 31 89 16 24 51 77 62 48 83 44 73 58 18 56 6 45 8 84 1 61 20 93 37 55 67 38 53 86 98 17 39 76 19 26 34 59 11 80 81 12 32 95 9 50 90 7 27 87 71 97 57 30 64 5 14 23 
 25 65 74 46 89 24 33 42 34 29 47 28 15 17 35 10 95 86 83 50 31 26 54 48 92 36 99 14 16 70 4 75 72 96 52 0 21 41 78 63 77 60 39 73 58 56 8 68 22 85 38 3 98 51 62 91 44 9 18 6 45 12 13 11 84 66 7 82 27 61 69 93 5 37 55 20 79 76 40 59 80 32 81 43 1 67 2 19 49 94 90 88 53 30 87 71 97 57 64 23 
 25 65 88 46 63 66 33 13 40 29 42 2 47 28 36 82 85 19 91 96 92 3 15 21 78 52 35 10 0 74 69 60 68 22 94 70 4 49 43 99 75 72 79 41 14 89 16 24 51 77 62 48 83 44 73 58 18 56 6 45 8 84 1 61 20 93 37 55 67 38 53 86 98 17 39 76 54 26 34 59 11 80 81 12 32 95 9 50 90 7 27 87 71 97 57 30 64 5 31 23 
 25 65 46 89 24 67 33 42 34 29 99 47 15 17 35 10 95 86 83 50 31 26 13 48 92 28 14 78 70 4 75 72 96 18 52 21 41 16 63 54 77 60 39 8 68 22 85 20 3 98 62 91 9 0 73 58 56 6 45 12 1 61 69 93 37 84 66 7 55 38 2 79 76 11 59 44 80 32 81 36 43 51 40 82 27 97 19 49 94 90 88 53 30 87 71 57 5 74 64 23 
 25 65 91 46 89 24 53 63 12 42 57 34 27 29 43 47 15 17 35 10 95 86 83 50 31 26 54 92 36 28 48 78 85 70 4 75 72 96 66 14 62 0 71 5 41 16 33 13 77 60 39 73 58 52 18 56 6 45 8 84 68 90 22 1 7 3 9 98 69 93 37 55 38 82 40 76 11 59 44 80 32 81 99 51 2 67 20 79 19 49 94 61 88 30 87 97 21 74 64 23 
 25 65 91 46 89 24 67 63 12 42 57 34 27 29 99 47 15 17 35 10 95 86 83 50 31 26 54 92 36 28 48 78 85 70 4 75 72 96 66 14 62 0 71 21 41 16 33 13 77 60 39 73 58 52 18 56 6 45 8 84 68 32 61 22 1 53 7 3 9 87 69 93 37 55 38 82 40 76 11 59 44 80 81 43 51 2 19 20 79 49 94 90 88 30 64 74 98 97 5 23 
 25 65 46 89 24 33 42 85 26 99 47 10 15 50 95 86 83 35 31 12 54 48 92 36 28 14 78 70 4 75 72 29 96 52 19 21 41 16 63 13 77 60 1 58 56 8 68 22 34 20 3 98 62 51 17 73 91 44 9 18 6 45 84 66 82 61 69 93 37 55 38 79 40 76 59 80 32 81 53 39 11 43 2 67 49 94 90 88 74 7 27 87 71 97 57 30 64 5 23 0 
 25 65 91 46 89 24 63 42 34 29 99 47 15 17 35 10 95 32 83 44 31 26 54 92 48 78 85 70 4 75 72 96 93 28 14 62 0 21 41 16 33 13 77 60 39 73 58 52 18 56 8 6 45 12 1 84 68 67 61 22 20 3 9 98 69 37 66 7 53 27 71 55 38 40 79 76 11 59 50 80 86 81 43 49 94 36 51 2 82 19 90 88 30 87 97 57 5 74 64 23 
 25 65 74 46 89 66 24 67 63 12 42 57 34 27 29 99 47 36 50 86 26 54 82 85 62 15 17 35 10 95 83 31 48 92 76 14 78 70 4 75 72 56 52 0 71 21 41 16 33 13 77 60 39 73 58 18 6 45 8 84 68 61 22 1 20 3 9 98 69 93 37 55 38 49 40 28 11 59 44 80 32 81 43 79 94 2 51 96 7 87 97 19 90 88 53 30 5 91 64 23 
 25 65 74 46 63 66 33 42 34 29 99 47 15 35 10 95 86 13 40 2 82 85 54 28 36 57 92 78 21 52 89 5 88 79 75 94 70 4 49 43 12 72 83 41 60 76 68 91 14 16 51 77 62 48 98 17 73 96 18 61 22 20 3 9 90 69 93 37 55 67 38 56 6 45 8 84 1 53 30 39 19 26 59 11 44 80 81 32 50 24 7 27 87 71 97 58 64 0 23 31 
 25 65 3 46 89 24 33 42 34 29 28 47 15 17 35 10 95 86 83 50 31 26 54 48 92 14 78 70 4 75 72 96 52 0 21 41 16 63 77 60 39 73 22 56 8 68 58 85 62 91 18 6 45 12 1 84 66 7 27 61 13 99 67 20 23 9 98 69 93 37 55 71 38 40 79 76 44 59 11 80 32 81 43 49 94 36 51 2 82 19 90 88 53 30 87 97 57 5 64 74 
 25 65 91 46 89 24 63 12 40 29 42 34 53 7 27 99 47 15 17 35 10 95 86 83 50 31 26 54 92 48 78 85 70 4 75 72 96 93 33 14 62 0 71 21 41 16 28 13 77 60 39 73 58 52 18 56 6 45 8 84 68 67 61 22 1 20 3 9 98 69 66 37 55 38 79 76 11 59 44 80 32 81 43 49 94 36 51 2 82 19 90 88 30 87 97 57 5 74 64 23 
 25 65 91 46 89 24 63 12 53 42 34 85 99 83 15 62 35 10 95 47 90 84 29 82 26 54 48 92 66 28 31 40 70 4 75 72 96 14 52 0 21 41 16 33 13 77 60 39 73 58 18 56 1 6 45 8 86 68 61 22 20 3 9 98 69 93 37 55 67 38 79 78 76 11 59 44 80 32 81 43 49 94 36 51 2 19 50 88 74 7 27 87 71 97 57 5 64 30 23 17 
 25 65 74 46 63 66 33 42 34 29 99 47 15 35 10 95 86 13 40 2 82 85 54 28 36 57 92 78 21 52 89 5 88 79 75 94 70 4 49 43 12 72 83 41 76 68 91 14 16 51 77 62 48 98 17 73 96 18 61 22 20 3 9 90 69 93 37 55 67 38 56 6 45 8 84 1 53 30 39 19 26 59 11 44 80 81 60 32 50 24 7 27 87 71 97 58 64 0 23 31 
 25 65 74 46 89 24 33 42 34 29 28 36 63 54 82 85 35 83 47 15 17 10 95 86 50 31 26 48 92 99 84 78 70 4 75 72 96 52 0 21 41 16 77 60 39 73 58 56 8 68 22 20 3 98 51 62 91 44 9 18 6 45 12 1 11 14 66 7 27 61 69 93 37 55 38 79 40 76 59 80 32 81 43 13 67 2 19 49 94 90 88 53 30 87 71 97 57 5 64 23 
 25 65 3 46 89 24 33 42 34 29 28 47 15 17 35 10 95 86 83 50 31 26 54 48 92 14 78 70 4 75 72 96 52 0 21 41 16 63 77 60 39 73 22 56 8 68 58 85 62 91 18 6 45 12 1 84 66 7 27 61 13 99 67 20 74 9 98 69 93 37 55 71 38 40 79 76 44 59 11 80 32 81 43 49 94 36 51 2 82 19 90 88 53 30 87 97 57 5 64 23 
 25 65 88 46 63 66 33 13 40 29 42 2 47 28 36 82 85 54 91 96 92 3 15 21 78 52 35 10 0 74 69 60 68 22 94 70 4 49 43 99 75 72 79 41 14 89 16 24 51 77 62 48 83 44 73 58 18 56 6 45 8 84 1 61 20 93 37 55 67 38 53 86 98 17 39 76 19 26 34 59 11 80 81 12 32 95 9 50 90 7 27 87 71 97 57 30 64 5 31 23 
 25 65 3 46 89 24 33 42 34 29 28 47 15 17 35 10 95 86 83 50 31 26 54 48 92 14 78 70 4 75 72 96 52 0 21 41 16 63 77 60 39 73 22 56 8 68 58 85 62 91 18 6 45 12 1 84 66 7 27 61 13 99 67 20 74 9 98 69 93 37 55 71 38 40 79 76 11 59 44 80 32 81 43 49 94 36 51 2 82 19 90 88 53 30 87 97 57 5 64 23 
 25 65 88 46 63 66 33 13 40 29 42 2 47 28 36 82 85 54 91 96 92 86 15 21 78 52 35 10 0 74 69 60 68 22 94 70 4 49 43 99 75 72 79 41 14 89 16 24 51 77 62 48 83 44 73 58 18 56 6 45 8 84 1 61 20 93 37 55 67 38 53 3 98 17 39 76 19 26 34 59 11 80 81 12 32 95 9 50 90 7 27 87 71 97 57 30 64 5 31 23 
 25 65 91 46 89 24 63 12 53 42 34 85 99 83 15 62 35 10 95 47 90 84 29 82 26 54 48 92 66 28 31 40 70 4 75 72 96 14 52 0 21 41 16 33 13 77 60 39 73 58 18 56 1 6 45 8 86 68 61 22 20 3 9 98 69 93 37 55 67 38 79 78 76 11 59 44 80 32 81 43 49 94 36 51 2 19 50 88 74 7 27 87 71 97 57 30 64 5 23 17 
 25 65 74 46 89 24 33 42 34 29 28 47 15 17 35 10 95 86 83 50 31 26 54 48 92 36 99 14 78 70 4 75 72 96 52 0 21 41 16 63 77 60 39 73 58 56 8 68 22 85 20 3 98 51 62 91 44 9 18 6 45 12 1 11 84 66 7 82 27 61 69 93 37 55 38 79 40 76 59 80 32 81 43 13 67 2 19 49 94 90 88 53 30 87 71 97 57 5 64 23 
 25 65 91 46 89 24 67 63 12 42 57 34 27 29 99 47 15 17 35 10 95 86 83 50 31 26 54 92 36 28 48 78 85 70 4 75 72 96 66 14 62 0 71 21 41 16 33 13 77 60 39 73 58 52 18 56 6 45 8 84 68 32 61 22 1 53 7 3 9 64 69 93 37 55 38 82 40 76 11 59 44 80 81 43 51 2 19 20 79 49 94 90 88 30 87 97 5 74 98 23 
 25 65 91 46 89 24 53 63 12 42 57 34 27 29 43 47 15 17 35 10 95 86 83 50 31 26 54 92 36 28 48 78 85 70 4 75 72 96 66 14 62 0 71 21 41 16 33 13 77 60 39 73 58 52 18 56 6 45 8 84 68 90 22 1 7 3 9 98 69 93 37 55 38 82 40 76 11 59 44 80 32 81 99 51 2 67 20 79 19 49 94 61 88 30 87 97 5 74 64 23 
 58 10 14 17 73 56 99 13 0 64 41 21 74 87 93 83 35 9 7 89 30 1 84 43 82 63 39 49 75 94 4 28 86 3 69 79 71 37 57 32 2 70 40 67 72 29 38 24 42 11 8 92 19 76 27 22 59 33 78 96 88 45 95 81 53 25 15 52 44 90 61 46 18 80 34 26 85 54 66 91 48 60 5 16 97 31 23 98 65 62 36 51 47 12 77 50 6 68 55 20 
 0 24 19 53 27 70 37 20 88 2 85 79 12 29 34 82 57 52 18 35 14 65 17 83 99 13 76 40 77 84 26 11 45 64 41 21 74 87 93 75 67 86 95 43 81 25 15 42 49 16 94 69 1 58 56 96 78 30 54 5 89 97 90 71 33 61 38 7 46 55 4 22 32 9 91 59 72 51 47 10 73 44 98 66 63 68 31 23 62 48 36 8 80 28 60 6 3 92 39 50 
 58 10 14 0 3 64 41 21 74 87 93 83 35 9 53 1 33 30 69 71 37 38 49 32 99 13 84 43 2 40 85 24 72 94 27 79 63 60 56 73 44 55 89 5 16 82 75 42 12 11 22 29 70 4 7 97 86 8 92 39 19 76 78 96 88 45 95 81 25 15 52 57 90 61 59 46 67 80 34 26 54 66 23 98 65 91 48 17 31 62 36 51 47 77 28 50 6 68 18 20 
 58 10 14 0 3 64 41 21 74 87 93 83 35 73 56 99 13 17 9 7 30 1 84 43 82 63 39 49 75 94 12 28 86 18 69 79 37 57 32 2 70 40 67 72 29 38 24 42 11 8 92 19 76 27 22 59 54 33 5 89 97 90 71 78 96 88 45 95 81 53 25 15 52 44 61 46 80 34 26 85 66 91 48 60 16 31 23 98 65 62 36 51 47 4 77 50 6 68 55 20 
 26 54 16 85 24 57 53 37 20 58 45 77 3 78 98 35 17 83 8 99 13 76 1 63 39 49 94 4 19 84 12 64 27 71 7 46 41 21 74 87 93 75 70 42 51 80 29 67 88 86 95 43 81 25 15 2 33 30 55 5 89 68 73 44 31 52 69 22 97 90 61 38 82 32 56 34 66 23 62 65 48 14 36 47 40 59 11 28 50 60 6 92 9 10 0 79 72 91 18 96 
 58 10 14 17 73 0 3 64 41 21 74 87 93 83 35 9 38 33 30 69 71 37 1 43 32 70 2 40 39 79 46 29 49 97 27 19 76 59 63 53 80 56 84 47 99 13 96 22 89 7 4 94 24 72 75 12 11 42 16 55 5 44 86 8 92 88 78 82 45 95 81 25 15 52 57 90 61 85 67 34 26 54 66 23 98 65 91 48 60 31 62 36 51 77 28 50 6 68 18 20 
 26 85 24 57 53 70 37 20 58 39 45 29 82 19 78 98 35 83 17 8 56 99 13 76 1 84 12 64 27 94 68 2 72 80 62 40 79 41 21 74 87 93 75 63 67 86 95 43 81 25 96 52 42 49 16 30 54 5 89 97 90 71 33 61 38 7 46 55 4 59 88 22 32 9 65 51 47 10 14 73 44 18 15 69 34 66 23 3 48 36 77 11 28 50 60 6 31 0 91 92 
 0 24 19 53 27 70 37 20 88 2 4 85 79 12 29 34 82 57 69 98 35 3 17 83 99 13 76 40 77 84 26 11 45 64 41 21 74 87 93 75 67 86 95 43 81 42 49 16 30 55 5 89 71 33 61 38 7 46 94 1 18 32 54 78 22 97 90 58 56 9 65 59 72 51 47 10 25 15 52 14 66 63 68 73 44 31 96 62 48 36 8 80 28 60 6 91 92 39 50 23 
 58 10 17 3 64 41 21 74 87 93 83 35 9 53 99 13 60 73 44 59 82 63 49 4 33 30 69 71 61 94 90 84 43 56 2 40 39 79 24 72 38 80 32 75 12 55 89 5 16 42 97 27 19 66 57 23 98 65 91 45 11 86 95 8 81 25 15 96 22 1 29 70 85 76 78 52 88 37 7 46 67 34 26 54 14 92 0 28 18 48 31 62 36 51 47 77 50 6 68 20 
 26 54 33 4 85 24 57 53 37 20 58 45 77 3 78 98 35 17 83 8 99 13 76 1 19 84 12 64 27 71 7 46 41 21 74 87 93 75 70 42 63 51 80 29 67 88 86 95 43 81 25 15 2 39 49 16 30 55 5 89 94 68 73 44 31 52 69 22 97 90 61 38 82 32 56 34 66 23 62 65 48 14 36 47 40 59 11 28 50 60 6 92 9 10 0 79 72 91 18 96 
 58 10 14 83 73 56 99 13 0 64 41 21 74 87 93 17 35 9 43 1 84 7 63 39 49 75 94 4 28 86 18 30 79 37 57 2 70 40 67 72 29 24 42 11 8 92 19 76 27 22 59 54 33 90 16 69 5 89 97 71 78 96 88 45 95 81 53 25 15 52 61 38 82 32 44 46 3 80 34 26 85 66 91 48 60 31 23 98 65 62 36 51 47 12 77 50 6 68 55 20 
 58 10 14 17 73 56 99 13 0 55 41 21 74 87 93 83 35 9 7 30 1 84 43 63 39 49 94 4 28 18 69 79 71 37 57 32 2 70 40 67 72 29 38 24 92 19 76 27 22 59 64 97 89 5 16 82 75 42 12 45 11 86 95 8 81 33 78 96 88 53 25 15 52 44 90 61 46 3 80 34 26 85 54 66 91 48 60 31 23 98 65 62 36 51 47 77 50 6 68 20 
 58 10 14 17 73 98 3 96 87 93 64 41 21 65 59 83 35 9 7 89 69 56 99 53 1 84 43 82 63 39 49 75 94 4 28 86 18 30 79 71 37 57 2 40 67 72 29 38 24 32 13 70 42 11 8 92 19 76 66 22 27 74 88 45 95 81 25 15 52 44 90 61 46 33 80 34 26 85 50 12 54 78 23 0 91 5 16 97 48 60 31 62 36 51 47 77 6 68 55 20 
 26 54 33 4 85 24 57 79 37 20 58 45 77 78 98 3 35 9 83 17 8 99 13 76 1 19 84 12 64 74 34 72 38 71 7 46 41 21 87 93 75 70 39 63 51 56 29 67 88 86 95 43 81 25 15 2 42 49 16 30 55 5 89 94 68 73 44 31 52 69 22 97 90 61 27 82 32 80 59 53 66 23 62 65 48 14 36 47 40 11 28 50 60 6 92 10 0 91 18 96 
 58 10 17 3 64 41 21 74 87 93 83 35 9 53 99 13 60 73 80 59 82 63 49 4 33 30 69 71 61 94 1 84 43 56 2 40 39 79 24 72 38 32 75 12 55 89 5 16 42 97 27 19 66 57 44 23 98 65 91 45 11 86 95 8 81 25 15 96 22 90 29 70 85 76 78 52 88 37 7 46 67 34 26 54 14 92 0 28 18 48 31 62 36 51 47 77 50 6 68 20 
 39 24 19 53 27 70 20 85 79 12 34 82 57 78 98 35 3 17 83 99 13 76 40 77 84 26 11 45 64 41 21 74 87 93 75 42 94 1 18 69 58 29 67 96 52 37 88 86 95 43 81 25 15 2 49 16 30 54 5 89 97 90 71 33 61 38 7 46 55 4 22 59 9 65 32 56 72 51 47 10 14 66 63 68 73 44 31 23 62 48 80 8 92 91 60 36 28 50 6 0 
 58 10 14 83 73 56 99 13 0 64 41 21 74 87 93 17 35 9 7 1 84 43 82 63 39 49 75 94 4 28 86 18 30 79 37 57 32 2 70 40 67 72 29 24 42 11 8 92 19 76 27 22 59 54 33 90 61 38 16 69 5 89 97 71 78 96 88 45 95 81 53 25 15 52 44 46 3 80 34 26 85 66 91 48 60 31 23 98 65 62 36 51 47 12 77 50 6 68 55 20 
 26 54 33 34 37 27 57 53 85 20 58 45 77 3 78 98 35 83 17 8 56 99 13 76 1 19 84 12 64 30 71 7 46 41 21 74 87 93 75 70 39 63 51 29 67 88 86 95 43 81 25 15 2 42 49 16 24 55 5 89 94 68 73 44 31 52 69 22 97 90 61 38 82 32 80 4 66 23 62 65 48 14 36 47 40 59 11 28 50 60 6 92 9 10 0 79 72 91 18 96 
 58 10 14 83 73 56 99 13 0 64 41 21 74 87 93 17 35 9 7 30 1 84 43 82 63 39 49 75 94 4 28 86 18 69 79 37 57 32 2 70 40 67 72 29 38 24 42 11 8 92 19 76 27 22 59 54 33 5 89 97 90 71 78 96 88 45 95 81 53 25 15 52 44 61 46 3 80 34 26 85 66 91 48 60 16 31 23 98 65 62 36 51 47 12 77 50 6 68 55 20 
 58 10 0 3 64 41 21 74 87 93 83 35 9 53 99 13 60 73 44 59 82 63 49 4 33 30 69 71 61 94 1 84 43 56 2 40 39 79 24 72 38 32 75 12 55 89 5 16 42 97 27 19 66 57 80 23 98 65 91 45 11 86 95 8 81 25 15 96 22 90 29 70 85 76 78 52 88 37 7 46 67 34 26 54 14 92 48 17 31 62 36 51 47 77 28 50 6 68 18 20 
 0 24 19 53 27 70 37 20 88 2 85 79 12 29 34 82 57 78 98 35 62 17 83 99 13 76 40 77 84 26 11 45 64 41 21 74 87 93 75 67 1 95 43 81 25 15 55 94 69 18 52 86 58 49 71 90 61 38 16 30 54 5 89 97 33 7 46 42 4 22 32 9 65 59 72 51 56 47 10 14 66 63 68 73 44 31 23 3 48 36 8 80 28 60 6 91 92 39 50 96 
 58 10 14 17 73 18 3 64 41 21 74 87 93 83 35 9 38 33 30 69 71 37 1 43 32 70 2 40 39 79 46 29 49 97 27 19 76 59 63 53 80 56 84 47 99 13 82 22 89 7 4 94 24 72 75 12 11 42 16 55 5 44 86 8 92 88 78 96 45 95 81 25 15 52 57 90 61 85 67 34 26 54 66 23 31 65 91 48 60 98 62 36 51 77 28 50 6 0 68 20 
 85 24 57 53 20 58 98 62 15 45 29 82 19 78 35 83 17 8 56 99 13 76 63 84 12 64 93 94 68 2 88 80 40 79 41 21 74 55 27 75 1 86 95 43 81 25 96 52 42 49 30 89 97 33 71 90 61 38 70 46 87 4 22 32 9 65 59 72 51 47 10 14 73 44 92 39 69 3 67 34 26 54 66 23 31 37 16 5 7 91 48 36 77 11 28 50 60 6 0 18 
 39 26 24 53 70 57 20 2 58 14 31 85 82 19 78 98 35 83 17 8 56 99 13 76 1 79 73 29 34 37 3 36 77 84 12 30 41 21 74 87 93 75 63 67 86 95 43 81 25 15 52 7 49 64 16 5 89 97 42 22 90 54 33 61 38 27 46 71 4 55 88 9 65 94 40 18 62 68 32 80 59 72 51 47 10 44 92 66 69 23 48 11 28 60 50 45 6 0 91 96 
 58 10 14 17 73 0 3 64 41 21 74 87 93 83 35 9 38 33 30 69 71 37 1 43 32 70 2 40 39 79 46 29 49 97 27 19 76 59 63 53 80 56 84 47 99 13 82 22 89 7 4 94 24 72 75 12 11 42 16 55 5 44 86 8 92 88 78 96 45 95 81 25 15 52 57 90 61 85 67 34 26 54 66 23 98 65 91 48 60 31 62 36 51 77 28 50 6 68 18 20 
 58 10 14 17 73 56 99 13 0 64 41 21 74 87 93 83 35 9 7 30 1 84 43 82 63 39 49 75 94 4 28 86 18 69 79 37 57 32 2 70 40 67 72 29 38 24 42 11 8 92 19 76 27 22 59 54 33 5 89 97 90 71 78 96 88 45 95 81 53 25 15 52 44 61 46 3 80 34 26 85 66 91 48 60 16 31 23 98 65 62 36 51 47 12 77 50 6 68 55 20 
 58 10 14 17 73 56 99 13 0 64 41 21 74 87 93 83 35 9 7 89 30 1 84 43 82 63 39 49 75 94 4 28 86 18 69 79 71 37 57 32 2 70 40 67 72 29 38 24 42 11 8 92 19 76 27 22 59 33 78 96 88 45 95 81 53 25 15 52 44 90 61 46 3 80 34 26 85 54 66 91 48 60 5 16 97 31 23 98 65 62 36 51 47 12 77 50 6 68 55 20 
 9 26 54 33 88 74 4 85 24 57 53 70 37 20 58 39 45 29 82 19 78 98 35 3 83 17 8 51 95 99 13 76 1 77 84 12 64 41 21 27 87 93 75 63 2 86 10 43 81 25 15 52 42 49 16 30 69 5 89 94 68 73 44 31 67 55 97 22 90 61 7 46 71 38 32 80 34 66 23 62 65 48 14 36 47 40 59 11 28 50 60 6 92 56 0 79 72 91 18 96 
 41 48 18 96 66 68 24 80 31 73 11 97 27 50 60 56 76 86 28 99 13 47 40 77 63 30 92 44 59 26 34 39 54 42 82 90 61 94 75 32 70 2 12 53 57 0 6 43 72 1 4 29 67 22 7 46 64 25 15 19 14 9 35 62 91 17 21 93 87 5 69 89 52 55 88 84 45 38 81 36 51 95 74 79 3 83 20 58 33 85 8 49 16 71 37 78 65 23 10 98 
 10 35 9 64 41 24 57 71 37 58 20 72 2 99 86 91 47 28 48 0 97 70 27 4 94 43 68 19 82 33 75 90 66 5 14 12 23 31 62 50 60 26 45 1 34 76 44 32 67 29 85 42 79 18 83 96 61 54 63 7 53 40 22 73 98 25 17 21 93 78 65 52 46 89 87 69 49 38 16 74 30 55 84 13 81 36 77 51 95 11 15 3 39 92 88 59 6 8 56 80 
 41 48 77 68 24 31 83 18 96 73 0 97 27 50 60 56 76 86 28 99 13 47 40 66 63 30 92 44 59 26 34 39 54 42 82 90 61 94 75 32 70 2 12 53 57 11 6 43 72 1 4 29 67 22 7 46 64 25 15 19 14 9 35 62 91 17 21 93 87 5 89 69 52 55 88 84 45 38 81 36 51 95 8 74 79 3 20 58 85 33 80 49 16 71 37 78 65 23 10 98 
 99 35 9 64 41 24 57 71 37 58 20 88 13 48 45 0 97 70 27 4 94 43 68 19 30 87 33 75 90 66 26 5 14 12 23 31 62 50 60 8 10 11 47 40 1 34 76 44 32 67 29 85 42 22 18 83 96 61 54 63 7 53 79 73 98 25 17 21 93 3 65 52 46 89 82 69 49 38 16 74 55 28 77 6 81 36 84 51 95 91 15 78 39 92 72 2 59 86 56 80 
 10 35 9 64 41 24 57 71 37 58 20 72 2 99 86 91 47 28 48 15 97 70 27 4 94 43 68 19 82 33 75 90 66 5 14 12 23 31 62 50 60 59 45 26 1 34 44 32 67 29 85 42 22 18 83 96 61 54 63 7 53 79 73 98 25 17 21 93 3 65 52 46 89 87 69 49 38 16 74 76 30 55 84 13 81 36 77 51 95 11 0 78 39 92 88 40 6 8 56 80 
 10 35 9 64 41 24 57 71 37 58 20 72 2 99 86 11 68 48 0 97 70 27 4 94 92 44 59 43 28 19 82 33 75 90 66 30 14 78 23 31 62 50 60 45 40 1 13 47 32 12 88 85 42 79 18 83 96 61 54 63 7 53 22 73 98 25 17 21 93 34 76 67 5 3 65 52 69 89 87 46 49 38 16 74 55 84 81 36 77 51 95 91 15 39 29 26 6 8 56 80 
 10 35 9 64 41 24 71 37 58 20 99 47 28 0 97 27 68 19 33 66 14 31 5 44 59 34 54 50 96 1 39 72 90 61 82 11 6 43 4 29 67 94 75 32 48 23 15 62 86 26 42 70 2 12 53 57 46 60 45 40 76 85 22 18 83 80 63 7 79 30 78 73 98 25 17 21 93 3 65 52 69 89 87 49 38 16 74 55 88 84 13 81 36 77 51 95 91 92 8 56 
 74 48 18 91 96 46 77 68 24 31 73 0 97 27 57 60 56 76 49 28 99 45 47 40 66 63 30 92 44 59 26 34 54 50 80 1 39 72 90 61 82 11 6 43 4 29 67 94 75 32 70 2 12 53 42 22 7 20 64 25 15 19 14 98 35 17 21 93 78 5 69 89 52 55 88 84 13 38 81 36 51 95 41 79 87 83 62 58 85 33 8 86 16 71 37 3 65 23 10 9 
 10 35 9 64 41 24 57 71 37 58 20 72 2 99 86 91 47 28 48 59 61 14 0 97 70 27 4 94 43 68 19 82 33 75 90 66 5 12 23 50 62 31 60 45 40 1 34 76 32 67 29 85 42 22 18 83 96 44 54 63 7 53 79 73 98 25 17 21 93 78 65 52 46 89 87 69 49 38 16 74 30 55 84 13 81 36 77 51 95 11 3 15 39 92 88 26 6 8 56 80 
 10 35 9 64 41 24 71 37 58 20 22 14 97 27 57 60 56 76 86 28 99 45 47 40 66 63 30 92 44 59 26 34 54 50 80 1 39 0 68 19 33 5 48 23 15 62 42 82 90 61 94 75 32 70 2 12 53 11 6 43 72 4 29 67 85 18 83 96 7 46 78 73 98 25 17 21 93 3 65 52 69 89 87 79 49 38 16 74 55 88 95 84 13 81 36 77 51 91 31 8 
 48 18 96 68 24 31 73 0 97 27 57 60 76 86 28 99 45 47 40 66 63 30 92 44 59 34 54 50 80 1 39 72 90 61 82 11 6 43 4 29 67 94 75 32 70 2 12 53 42 22 7 20 64 25 15 19 14 98 21 17 35 93 5 88 41 79 58 85 33 71 37 23 10 9 83 3 65 52 69 89 87 46 49 38 16 74 55 84 13 81 36 77 51 95 91 62 78 26 8 56 
 10 35 9 64 41 24 57 71 37 58 20 72 2 99 11 44 48 0 97 70 27 4 94 43 68 19 59 82 33 66 63 75 12 14 5 23 31 62 50 60 86 47 28 45 40 1 34 76 32 67 29 85 42 22 18 83 96 61 54 90 7 53 79 30 73 98 25 17 21 93 3 65 52 69 89 87 46 49 38 16 74 55 84 13 81 36 77 51 95 91 15 78 39 92 88 26 6 8 56 80 
 41 48 66 68 24 80 31 73 0 97 27 50 60 56 76 86 28 99 13 47 40 77 63 30 92 44 59 26 34 39 42 82 90 94 75 32 70 2 12 53 49 11 6 43 72 1 4 29 67 22 7 46 55 25 15 18 83 96 61 54 19 14 91 35 62 9 17 21 93 87 5 69 89 52 64 88 84 45 38 81 36 51 95 74 79 3 20 58 33 85 57 8 16 71 37 78 65 23 10 98 
 10 35 9 64 41 24 57 71 37 58 20 72 2 99 59 11 44 48 0 97 70 27 4 94 43 68 19 33 66 90 75 12 14 5 23 31 62 50 60 86 47 28 45 40 1 34 76 32 67 29 85 42 22 18 83 96 61 54 63 7 53 79 73 80 25 17 21 93 3 84 65 52 46 89 87 69 49 38 16 74 30 55 82 13 81 36 77 51 95 91 15 78 39 92 88 26 6 8 56 98 
 10 35 9 64 41 24 71 37 58 20 26 50 47 28 44 14 0 97 27 68 19 33 66 5 48 23 15 62 86 99 45 39 54 42 82 90 61 94 75 32 70 2 12 53 57 11 6 43 72 1 4 29 67 60 59 34 40 76 85 22 18 83 96 63 7 79 30 78 73 98 25 17 21 93 3 65 52 69 89 87 46 49 38 16 74 55 88 95 80 84 13 81 36 77 51 91 31 92 8 56 
 10 35 9 64 41 24 57 71 37 58 20 72 2 99 86 11 68 44 48 0 97 70 27 4 94 43 28 19 82 33 75 90 66 5 14 78 23 31 62 50 60 59 45 40 1 13 47 32 12 88 85 42 79 18 83 96 61 54 63 7 53 22 73 98 25 17 21 93 34 76 67 30 3 65 52 69 89 87 46 49 38 16 74 55 84 81 36 77 51 95 91 15 39 92 29 26 6 8 56 80 
 41 48 18 96 77 68 24 80 31 73 0 97 27 50 60 56 76 86 28 99 13 47 40 84 63 30 92 44 59 26 34 39 54 42 82 90 61 94 75 32 70 2 12 53 57 11 6 43 72 1 4 29 67 22 7 46 64 25 15 19 14 9 35 69 62 91 17 21 93 87 5 89 52 55 88 66 45 38 81 36 51 95 74 79 3 83 20 58 33 85 8 49 16 71 37 78 65 23 10 98 
 41 48 66 68 24 80 31 73 0 97 27 50 60 56 76 86 28 99 13 47 40 77 63 30 92 44 59 26 34 39 42 82 90 94 75 32 70 2 12 53 8 11 6 43 72 1 4 29 67 22 7 46 55 25 15 18 83 96 61 54 19 14 91 35 62 9 17 21 93 87 5 69 89 52 64 88 84 45 38 81 36 51 95 74 79 3 20 58 33 85 57 49 16 71 37 78 65 23 10 98 
 10 35 9 64 41 24 57 71 37 58 20 88 48 0 97 27 85 68 45 28 99 86 47 40 63 30 92 44 59 26 34 54 42 77 80 1 39 90 61 94 75 70 2 12 53 82 11 6 43 72 32 4 29 67 22 7 66 19 33 14 23 31 62 50 60 76 25 17 21 93 3 65 52 69 89 87 46 49 38 16 74 55 84 13 81 36 18 96 79 73 98 83 51 95 91 15 78 5 8 56 
 10 35 9 64 41 24 57 71 37 58 20 88 2 99 86 11 28 44 48 0 97 70 27 4 94 43 68 19 82 33 75 90 66 5 14 78 23 31 62 50 60 59 45 40 1 13 47 32 12 29 85 42 79 18 83 96 61 54 63 7 53 22 73 98 25 17 21 93 3 65 52 69 89 87 46 49 38 34 76 30 16 74 55 84 81 36 77 51 95 91 15 67 39 92 72 26 6 8 56 80 
 10 35 9 64 41 24 57 71 37 58 20 72 2 99 59 11 44 48 0 97 70 27 4 94 43 68 19 82 33 66 90 75 12 14 5 23 31 62 50 60 86 47 28 45 40 1 34 76 32 67 29 85 42 22 18 83 96 61 54 63 7 53 79 30 73 98 25 17 21 93 3 65 52 69 89 87 46 49 38 16 74 55 84 13 81 36 77 51 95 91 15 78 39 92 88 26 6 8 56 80 
 10 35 9 64 41 24 57 71 37 58 20 88 48 0 97 27 85 68 86 28 99 45 47 40 63 30 92 44 59 26 34 54 42 77 80 1 39 90 78 5 79 19 60 8 23 31 50 33 96 18 73 56 70 4 12 53 82 11 6 43 72 32 2 29 94 75 67 76 22 7 66 14 3 65 52 69 21 89 46 49 38 16 74 55 84 13 81 36 51 95 91 15 83 98 25 17 61 93 87 62 
 10 35 9 64 41 24 71 37 58 20 99 47 28 44 0 97 27 68 19 33 66 14 31 5 48 23 15 62 86 26 34 39 54 42 82 90 61 94 75 32 70 2 12 53 57 46 6 43 72 1 4 29 67 60 59 45 40 76 85 22 18 83 96 63 7 79 30 78 73 98 25 17 21 93 3 65 52 69 89 87 11 49 38 16 74 55 88 50 84 13 81 36 77 51 95 91 92 8 56 80 
 10 9 64 87 24 57 71 37 58 20 5 48 0 97 79 19 85 27 54 60 8 23 31 50 68 39 33 42 34 28 99 45 47 40 22 63 30 92 44 59 26 96 35 18 73 56 86 88 1 29 4 12 53 82 11 6 43 72 32 2 70 94 75 67 76 66 7 80 14 3 65 52 69 21 89 41 46 49 38 16 74 55 84 13 81 36 77 51 95 91 15 83 98 25 17 90 61 93 78 62 
 10 35 9 64 41 24 57 71 37 58 20 72 2 99 86 91 47 28 48 0 97 70 27 4 94 43 68 19 84 63 75 90 66 5 14 12 23 31 62 50 60 59 45 1 34 76 44 32 67 29 85 42 79 18 83 96 61 54 33 7 53 40 22 73 98 25 17 21 93 78 65 52 46 89 87 69 49 38 16 74 30 55 82 13 81 36 77 51 95 11 15 3 39 92 88 26 6 8 56 80 
 99 35 9 64 41 24 57 71 37 58 29 88 13 48 45 0 97 70 27 4 94 43 68 19 30 82 33 75 90 66 5 14 26 12 23 31 62 50 60 59 10 11 47 40 1 34 76 44 32 67 20 85 42 22 18 83 96 61 54 63 7 53 79 73 98 25 17 21 93 3 65 52 46 89 87 69 49 38 16 74 55 28 77 6 81 36 84 51 95 91 15 78 39 92 72 2 8 86 56 80 
 10 35 9 64 41 24 57 71 37 58 20 88 2 99 51 11 47 28 25 48 0 97 70 27 4 94 43 68 19 30 82 33 75 90 66 5 14 12 23 31 62 50 60 59 45 40 1 34 76 32 67 29 85 42 22 72 91 15 44 18 83 96 61 54 63 7 53 79 73 98 17 21 93 3 65 52 46 89 87 69 49 38 16 74 55 84 13 81 36 77 86 95 78 39 92 26 6 8 56 80 
 41 48 18 96 66 68 24 80 31 73 0 97 27 50 60 56 76 86 28 99 13 47 40 77 63 30 92 44 59 26 34 39 54 42 82 90 61 94 75 32 70 2 12 53 57 11 6 43 72 1 4 29 88 22 7 46 64 25 15 19 14 9 35 62 91 17 21 93 87 5 69 89 52 55 67 84 45 38 81 36 51 95 74 79 3 83 20 58 33 85 8 49 16 71 37 78 65 23 10 98 
 74 48 18 91 96 46 77 68 24 31 73 0 97 27 57 60 56 76 86 28 99 45 47 40 66 63 30 92 44 59 26 34 54 50 80 1 39 72 90 61 82 11 6 43 4 29 67 94 75 32 70 2 12 53 42 22 7 20 64 25 15 19 14 98 35 17 21 93 78 5 69 89 52 55 88 84 13 38 81 36 51 95 41 79 87 83 62 58 85 33 8 49 16 71 37 3 65 23 10 9 
 10 35 9 64 41 24 4 71 37 58 20 88 48 0 97 27 57 68 86 28 99 45 47 40 63 30 92 44 59 34 54 42 80 1 39 90 61 94 75 70 2 29 53 82 11 6 43 72 76 32 67 12 85 22 7 66 19 33 14 23 31 15 50 60 18 96 79 73 98 25 17 21 93 5 83 3 65 52 69 89 87 46 49 38 16 74 55 84 13 81 36 77 51 95 91 62 78 26 8 56 
 41 48 18 96 66 68 24 80 31 73 0 97 27 50 60 56 76 86 28 99 13 47 40 77 63 30 92 44 59 26 34 39 54 42 82 90 61 94 75 32 70 2 12 53 57 11 6 43 72 1 4 29 67 22 7 46 64 25 15 19 14 9 35 62 91 17 21 93 87 5 69 89 52 55 88 84 45 38 81 36 51 95 74 79 3 83 20 58 33 85 8 49 16 71 37 78 65 23 10 98 
 10 35 9 64 41 24 57 71 37 58 20 72 2 99 86 91 47 28 48 15 97 70 27 4 94 43 68 19 82 33 75 90 66 5 14 12 23 31 62 50 60 59 45 40 1 34 44 32 67 29 85 42 22 18 83 96 61 54 63 7 53 79 73 98 25 17 21 93 3 65 52 46 89 87 69 49 38 16 74 76 30 55 84 13 81 36 77 51 95 11 0 78 39 92 88 26 6 8 56 80 
 10 35 9 64 41 24 57 71 37 58 20 88 48 0 97 27 85 68 86 28 99 45 47 40 63 30 92 44 59 34 54 42 80 1 39 90 61 94 75 70 2 12 53 82 11 6 43 72 32 4 29 67 22 7 66 19 33 14 23 31 15 50 60 76 18 96 79 73 98 25 17 21 93 5 83 3 65 52 69 89 87 46 49 38 16 74 55 84 13 81 36 77 51 95 91 62 78 26 8 56 
 10 9 64 87 24 57 71 37 58 20 5 48 0 97 79 19 85 27 54 60 8 23 31 50 68 39 33 42 34 28 99 45 47 40 22 63 30 92 44 59 26 96 35 18 73 56 86 88 1 70 4 12 53 82 11 6 43 72 32 2 29 94 75 67 76 66 7 80 14 3 65 52 69 21 89 41 46 49 38 16 74 55 84 13 81 36 77 51 95 91 15 83 98 25 17 90 61 93 78 62 
 41 48 18 96 77 68 24 80 31 73 0 97 27 50 60 56 76 86 28 99 13 47 40 66 63 30 92 44 59 26 34 39 54 42 82 90 61 94 75 32 70 2 12 53 57 11 6 43 72 1 4 29 67 22 7 46 64 25 15 19 14 9 35 62 91 17 21 93 87 5 69 89 52 55 88 84 45 38 81 36 51 95 74 79 3 83 20 58 85 33 8 49 16 71 37 78 65 23 10 98 
 47 95 77 81 12 24 5 30 53 54 85 10 22 14 31 50 39 6 84 43 72 1 49 68 46 90 76 59 44 48 17 93 55 41 91 92 98 73 9 80 27 37 21 69 65 15 18 96 3 0 60 74 82 34 19 71 52 7 66 89 97 38 33 16 61 56 2 29 63 67 57 86 79 62 78 25 64 88 94 75 4 32 51 13 11 8 26 28 36 99 42 20 58 83 35 23 87 45 70 40 
 12 51 47 13 77 6 52 74 41 5 30 93 53 66 39 26 46 55 57 38 67 29 42 61 21 0 65 15 91 32 99 96 50 9 98 14 27 87 71 24 82 16 70 49 97 33 22 1 8 84 11 92 63 94 34 90 85 75 72 88 76 79 69 4 95 86 35 56 68 2 19 48 3 59 40 78 25 64 45 18 80 60 81 31 23 17 10 73 43 28 44 62 7 89 37 20 58 83 36 54 
 47 95 77 81 28 12 74 41 57 97 67 63 66 19 46 61 38 49 29 42 87 91 32 99 9 98 65 59 73 78 48 17 93 55 27 37 21 69 22 71 82 16 7 5 14 39 31 10 43 33 15 35 96 80 8 56 6 0 52 30 24 1 90 85 89 70 40 72 79 3 92 60 50 45 11 84 44 18 62 25 64 88 94 75 4 36 2 13 86 51 68 76 20 58 83 23 34 53 54 26 
 47 36 77 81 95 49 74 5 30 28 50 14 31 84 6 54 80 10 92 43 72 1 12 46 90 85 76 59 22 73 9 48 37 21 69 65 15 98 39 53 57 27 17 93 55 41 79 18 96 3 0 60 24 82 34 19 71 52 7 66 33 97 38 89 16 61 56 2 29 63 67 68 86 44 62 78 25 64 88 94 75 4 32 51 13 11 8 26 42 20 58 83 35 23 87 91 99 45 70 40 
 47 95 77 81 28 12 5 53 86 10 14 31 50 39 78 30 38 49 29 42 22 91 32 60 84 43 72 1 57 46 90 76 59 79 48 17 93 55 41 92 98 73 9 27 37 21 69 65 15 18 96 3 74 80 24 82 34 19 71 52 7 66 33 97 89 16 61 85 54 56 2 63 67 68 44 62 83 35 6 8 25 64 88 94 75 4 36 51 13 11 26 20 58 23 87 0 45 99 70 40 
 47 95 81 28 77 6 52 74 41 5 30 93 53 66 39 26 46 55 57 38 67 29 42 61 21 0 65 15 91 32 99 96 50 9 98 14 27 87 71 24 82 16 89 49 97 33 22 1 8 84 11 12 78 63 31 10 43 59 73 48 17 37 69 35 80 56 90 85 75 40 72 79 3 92 60 45 44 18 62 25 64 88 94 70 4 36 2 13 86 51 68 76 20 58 83 23 54 19 7 34 
 12 51 47 13 77 6 17 93 63 41 66 39 26 34 22 49 46 74 55 37 21 57 38 67 29 42 61 0 65 15 91 32 99 96 50 98 9 14 27 87 71 24 82 16 89 5 30 97 33 94 1 8 84 11 28 64 53 92 90 85 75 72 88 76 79 69 4 95 86 35 56 68 2 19 48 3 59 40 78 25 52 45 18 62 60 81 31 23 10 73 43 44 80 7 70 20 58 83 36 54 
 47 95 77 81 28 12 74 41 57 97 67 63 66 19 46 61 38 49 29 42 22 91 32 99 9 98 65 59 73 78 48 17 93 55 27 37 21 69 87 71 82 16 7 5 14 39 31 10 43 33 15 35 96 80 8 56 6 0 52 30 24 1 90 85 89 70 40 72 79 3 92 60 50 45 11 84 44 18 62 25 64 88 94 75 4 36 2 13 86 51 68 76 20 58 83 23 34 53 54 26 
 47 95 81 28 77 74 41 5 30 93 53 66 39 26 46 57 38 67 29 42 61 91 32 99 50 9 98 87 71 24 82 16 89 49 97 33 22 1 84 11 12 78 7 37 27 55 21 69 65 15 35 96 80 8 56 6 0 52 14 31 10 43 59 73 48 17 90 85 75 40 72 79 3 92 60 45 51 18 62 25 64 88 94 70 4 36 2 13 86 44 68 76 20 58 83 23 54 19 63 34 
 47 95 77 81 28 12 66 41 97 54 19 39 46 74 67 30 38 49 29 42 22 91 32 99 9 98 87 71 82 16 7 5 61 33 26 31 10 44 59 73 48 17 93 55 27 37 21 69 65 15 35 96 80 8 56 6 0 52 14 24 1 90 85 89 70 34 72 79 3 92 60 50 45 11 84 43 18 62 78 25 64 88 94 75 4 36 2 13 86 51 68 76 20 58 83 23 53 63 57 40 
 47 95 77 81 28 12 53 14 41 7 5 30 16 24 38 57 27 49 55 37 21 65 15 0 39 89 91 32 99 96 9 18 90 66 87 71 97 70 82 33 6 50 8 84 11 59 26 46 74 67 29 42 22 61 86 31 10 73 48 17 93 69 35 80 56 52 1 85 34 72 79 3 92 60 45 44 98 62 78 25 64 88 94 75 4 36 43 2 13 51 68 76 20 58 83 23 54 19 63 40 
 47 95 32 77 81 28 12 74 53 63 66 39 5 30 57 61 97 33 38 67 41 7 79 3 98 14 86 31 10 92 43 72 1 49 46 90 85 76 59 22 73 9 48 17 93 55 27 37 21 69 0 80 60 24 82 16 89 35 8 56 65 15 18 91 50 54 29 42 19 71 68 96 62 78 25 64 88 94 75 4 36 2 44 51 13 6 11 84 26 34 20 58 83 52 23 87 45 99 70 40 
 95 28 77 81 32 38 12 74 88 30 57 33 80 91 92 9 98 14 22 84 39 6 34 50 43 72 1 49 54 46 90 85 76 59 79 48 17 93 55 41 96 10 73 27 42 19 37 71 21 69 65 15 0 52 3 7 66 60 24 86 56 82 18 89 16 61 2 97 63 67 68 44 62 78 25 64 5 94 75 4 36 51 13 11 8 26 31 20 58 83 35 23 87 53 45 99 70 40 29 47 
 47 95 77 81 28 12 53 14 41 7 5 30 16 24 38 57 66 49 55 37 21 65 15 0 39 89 91 32 99 96 18 9 98 90 27 87 71 97 70 82 33 6 50 8 84 11 59 26 46 74 67 29 42 22 61 86 31 10 43 73 48 17 93 69 35 80 56 3 1 85 34 72 79 52 92 60 45 44 62 78 25 64 88 94 75 4 36 2 13 51 68 76 20 58 83 23 54 19 63 40 
 47 95 77 81 28 12 66 53 30 41 57 97 39 46 74 67 38 49 29 42 22 91 32 99 9 98 87 71 82 16 7 5 61 33 26 31 10 44 59 73 48 17 93 55 27 37 21 69 65 15 35 96 80 8 18 6 0 52 14 24 1 90 85 89 70 34 72 79 3 92 60 50 45 11 84 43 56 62 78 25 64 88 94 75 4 36 2 13 86 51 68 76 20 58 83 23 54 19 63 40 
 47 95 81 28 77 6 52 74 41 5 30 93 53 66 39 26 46 55 57 38 67 29 42 61 21 0 65 15 91 32 99 96 50 9 98 14 27 87 71 24 82 16 89 49 97 33 22 1 8 84 11 12 78 7 31 10 43 59 73 48 17 37 69 35 80 56 90 85 75 40 72 79 3 92 60 45 44 18 62 25 64 88 94 70 4 36 2 13 86 51 68 76 20 58 83 23 54 19 63 34 
 47 95 2 77 81 28 12 74 53 63 66 39 5 30 57 61 97 33 38 67 79 42 18 92 41 3 60 32 99 91 50 98 87 71 85 76 59 73 9 78 48 17 93 55 27 37 21 69 65 15 35 96 80 8 56 6 0 52 14 7 24 82 16 86 31 10 43 72 1 49 89 22 46 90 29 45 11 84 68 44 62 25 64 88 94 75 4 36 51 13 26 34 20 58 83 23 54 19 70 40 
 47 95 32 77 81 28 12 74 53 63 66 39 5 30 57 61 97 33 38 67 41 7 96 3 98 14 86 31 10 92 43 72 1 49 46 90 85 76 59 22 73 9 48 17 93 55 27 37 21 69 65 15 18 91 50 0 80 60 24 82 54 89 35 8 56 29 42 19 71 68 79 62 78 25 64 88 94 75 4 36 2 44 51 13 6 11 84 26 34 20 58 83 52 23 87 16 45 99 70 40 
 47 95 77 81 12 24 5 30 57 91 92 98 14 31 84 53 50 43 72 1 49 54 46 90 85 76 59 79 41 10 6 80 73 9 48 17 93 55 27 37 21 69 65 15 18 96 3 39 0 60 74 82 34 19 71 52 7 66 89 97 38 33 16 61 56 2 29 63 67 68 86 44 62 78 25 64 88 94 75 4 32 51 13 11 8 22 26 28 36 99 42 20 58 83 35 23 87 45 70 40 
 95 28 77 81 32 38 12 74 88 30 57 33 80 91 92 9 98 14 76 84 39 6 34 50 43 72 1 49 54 46 90 85 22 59 79 48 17 93 55 41 96 10 73 27 42 19 37 71 21 69 65 15 0 52 3 7 66 60 24 86 56 82 16 89 18 61 2 97 63 67 68 44 62 78 25 64 5 94 75 4 36 51 13 11 8 26 31 20 58 83 35 23 87 53 45 99 70 40 29 47 
 95 28 77 81 32 38 12 74 88 30 57 33 80 91 92 9 98 14 22 84 39 6 34 50 43 72 1 49 54 46 90 85 76 59 79 48 17 93 55 41 96 10 73 27 42 19 37 71 21 69 65 15 0 52 3 7 66 60 24 86 56 82 16 89 18 61 2 97 63 67 68 44 62 78 25 64 5 94 75 4 36 51 13 11 8 26 31 20 58 83 35 23 87 53 45 99 70 40 29 47 
 47 95 77 81 28 12 53 41 57 39 0 55 38 49 30 21 65 15 91 96 32 99 14 27 24 16 7 5 89 37 18 9 98 90 66 87 71 97 70 82 33 6 50 8 84 11 59 26 46 74 67 29 42 22 61 86 31 10 43 73 48 17 93 69 35 80 56 52 1 85 34 76 79 3 92 60 45 44 62 78 25 64 88 94 75 4 36 2 13 51 68 72 20 58 83 23 54 19 63 40 
 47 95 77 81 36 49 74 5 52 28 50 98 14 31 84 6 54 79 80 10 92 43 72 1 12 46 41 90 85 76 59 22 73 9 48 17 93 55 27 37 21 69 65 15 18 96 3 39 0 60 24 82 34 19 71 30 7 66 89 97 38 33 16 61 56 2 29 63 67 68 86 44 62 78 25 64 88 94 75 4 32 51 13 11 8 26 57 42 20 58 83 35 23 87 91 99 45 53 70 40 
 47 95 77 81 32 28 12 5 30 53 86 10 22 14 31 50 39 6 84 43 72 1 49 57 46 90 76 59 27 48 17 93 55 41 91 92 98 73 9 79 37 21 69 65 15 18 96 3 74 80 24 82 34 19 71 52 7 66 33 97 38 89 16 61 85 54 56 2 63 67 68 44 62 83 35 60 8 29 42 25 64 88 94 75 4 36 51 13 11 26 20 58 78 23 87 0 45 99 70 40 
 47 95 77 81 28 12 66 53 41 57 97 39 46 74 67 30 38 49 29 42 22 91 32 99 9 98 87 71 82 16 7 5 61 33 26 31 10 44 59 73 48 17 93 55 27 37 21 69 65 15 35 96 80 8 56 6 0 52 14 24 1 90 85 89 70 34 72 79 3 92 60 50 45 11 84 43 18 62 78 25 64 88 94 75 4 36 2 13 86 51 68 76 20 58 83 23 54 19 63 40 
 47 95 2 77 81 28 12 74 41 57 97 67 63 66 19 46 54 38 49 29 42 22 65 15 91 96 32 99 50 98 90 85 76 59 73 9 78 48 17 93 24 82 16 89 5 30 55 27 37 21 69 14 87 71 7 39 86 31 10 80 43 1 70 34 72 79 35 52 3 92 60 8 6 18 0 33 56 68 53 61 44 62 25 64 88 94 75 4 36 13 51 11 84 26 20 58 83 23 45 40 
 12 51 47 13 77 6 52 74 41 5 30 93 64 66 39 26 46 55 57 38 67 29 42 61 21 0 65 15 91 32 99 96 50 9 98 14 27 87 71 24 82 16 89 49 97 33 22 1 8 84 11 92 63 94 34 90 85 75 72 88 76 79 69 4 95 86 35 56 68 2 19 48 3 59 40 78 25 53 45 18 62 60 81 31 23 17 10 73 43 28 44 80 7 70 37 20 58 83 36 54 
 47 95 77 81 32 49 74 5 30 28 31 84 54 79 41 10 92 68 72 1 12 46 90 22 18 3 39 60 63 91 50 98 87 71 85 76 59 73 9 78 48 17 93 55 27 37 21 69 65 15 35 96 80 8 56 6 0 52 14 7 24 82 34 19 66 33 97 38 89 16 61 2 29 99 67 43 44 62 25 64 88 94 75 4 36 51 13 11 86 26 57 42 20 58 83 23 45 53 70 40 
 12 51 47 13 77 6 52 74 41 5 30 93 53 66 39 26 46 55 57 38 67 29 42 61 21 0 65 15 91 32 99 96 50 9 98 14 27 87 71 24 82 16 89 49 97 33 22 1 8 84 11 92 63 94 34 90 85 75 72 88 76 79 69 4 95 86 35 56 68 2 19 48 3 59 40 78 25 64 45 18 62 60 81 31 23 17 10 73 43 28 44 80 7 70 37 20 58 83 36 54 
 47 95 2 77 81 28 12 74 53 63 66 39 5 30 57 61 97 33 38 67 79 42 20 92 41 3 91 60 32 99 26 50 98 87 71 85 76 59 73 9 78 48 17 25 55 27 37 21 69 65 15 35 96 80 8 56 6 0 52 14 7 24 82 16 86 31 10 43 72 1 49 89 18 46 90 29 45 11 84 68 44 58 93 64 88 94 75 4 36 51 13 34 22 62 83 23 54 19 70 40 
 47 95 32 77 81 28 12 5 30 53 86 10 22 14 31 50 39 6 84 43 72 1 49 57 46 90 76 59 79 48 17 93 55 41 91 92 98 73 9 27 37 21 69 65 15 18 96 3 74 80 24 82 34 19 71 52 7 66 33 97 38 89 16 61 85 54 56 2 63 67 68 44 62 83 35 60 8 29 42 25 64 88 94 75 4 36 51 13 11 26 20 58 78 23 87 0 45 99 70 40 
 47 95 77 81 28 12 53 14 41 7 5 30 16 24 38 57 66 49 55 37 21 65 15 0 39 89 91 32 99 96 18 9 98 90 27 87 71 97 70 82 33 6 50 8 84 11 59 26 46 74 67 29 42 22 61 86 31 10 43 73 48 17 93 69 35 80 56 52 1 85 34 72 79 3 92 60 45 44 62 78 25 64 88 94 75 4 36 2 13 51 68 76 20 58 83 23 54 19 63 40 
 47 95 77 81 36 49 74 5 30 28 50 98 14 31 84 6 54 79 80 10 92 43 72 1 12 46 41 90 85 76 59 22 73 9 48 17 93 55 27 37 21 69 65 15 18 96 3 39 0 60 24 82 34 19 71 52 7 66 89 97 38 33 16 61 56 2 29 63 67 68 86 44 62 78 25 64 88 94 75 4 32 51 13 11 8 26 57 42 20 58 83 35 23 87 91 99 45 53 70 40 
 47 95 2 77 81 28 12 74 53 63 66 39 5 30 57 61 97 33 38 67 79 42 22 92 41 3 60 32 99 91 50 98 87 71 85 76 59 73 9 78 48 17 93 55 27 37 21 69 65 15 35 96 80 8 56 6 0 52 14 7 24 82 16 86 31 10 43 72 1 49 89 18 46 90 29 45 11 84 68 44 62 25 64 88 94 75 4 36 51 13 26 34 20 58 83 23 54 19 70 40 
 1 67 13 68 49 55 5 3 31 58 20 65 25 79 96 18 39 92 59 56 6 28 43 51 50 53 66 64 78 15 0 7 82 33 54 61 24 12 14 35 22 69 87 94 4 42 57 38 70 75 2 72 29 45 23 52 21 37 74 85 40 76 63 60 89 97 34 8 95 32 86 80 84 47 99 81 77 36 16 46 48 62 88 30 41 90 44 91 9 98 73 19 26 11 71 27 93 10 83 17 
 15 65 3 58 53 25 96 18 31 6 14 92 50 28 40 2 68 66 79 78 21 5 1 67 13 86 59 43 44 72 64 7 74 87 24 54 82 61 39 60 35 56 34 49 94 4 42 57 38 70 33 29 45 23 52 69 37 16 93 20 55 89 97 85 48 75 76 22 8 95 51 80 63 84 47 99 81 77 36 46 0 62 88 30 41 90 12 32 91 9 98 73 19 26 11 27 71 10 83 17 
 3 62 83 58 34 61 53 46 76 79 40 13 65 25 96 47 50 36 92 56 15 31 6 28 8 18 91 64 26 54 82 90 39 60 35 78 41 74 21 87 94 4 42 57 33 24 7 71 22 19 75 2 72 32 81 77 45 23 52 69 37 16 55 89 93 20 27 97 85 49 29 70 67 1 66 63 30 0 88 59 9 98 48 68 86 12 84 11 17 5 38 44 73 95 43 10 51 99 80 14 
 3 62 58 34 61 46 79 40 13 0 15 65 25 96 47 36 56 31 6 18 91 64 78 26 44 92 53 24 33 54 82 19 39 60 35 69 74 21 87 94 4 42 57 38 70 75 2 72 29 45 23 52 22 37 16 93 20 1 49 67 55 97 89 85 27 90 76 7 66 32 81 77 88 30 41 17 9 28 8 86 12 84 68 50 95 43 51 99 80 63 14 83 98 48 11 59 5 71 73 10 
 3 62 83 5 34 61 53 46 69 79 40 13 65 25 96 47 50 36 92 56 15 31 6 28 8 18 91 64 26 76 54 82 19 39 60 35 78 41 74 21 87 94 4 42 57 33 24 7 55 71 22 90 85 2 72 29 45 23 52 70 37 16 89 93 20 38 27 97 75 49 67 1 66 63 81 77 30 59 88 0 9 98 48 68 86 12 84 11 17 58 44 73 95 43 10 51 99 80 32 14 
 23 52 1 67 13 68 49 55 5 3 31 58 20 65 25 79 96 18 14 92 27 56 6 28 43 51 42 50 2 53 66 64 78 15 0 38 57 7 74 87 22 24 33 54 82 61 85 12 94 4 40 29 39 76 63 72 60 35 69 89 97 34 8 95 32 86 80 70 45 84 47 99 81 77 36 75 16 46 48 62 88 30 41 37 90 44 91 9 98 73 21 93 59 19 26 11 71 10 83 17 
 23 84 67 13 68 49 65 3 58 73 14 92 59 6 31 44 50 53 64 78 15 48 28 40 51 47 32 46 0 35 5 66 24 33 54 82 86 39 60 62 7 74 21 12 94 4 42 29 38 2 85 76 34 8 45 70 1 80 10 20 90 37 69 18 96 25 81 43 56 77 36 63 75 95 99 72 41 55 89 52 87 97 57 61 16 22 88 30 91 9 98 79 19 26 11 27 93 71 83 17 
 23 52 1 67 13 68 49 55 5 3 31 58 20 65 25 79 96 18 14 92 59 56 6 28 43 51 42 50 2 53 66 64 78 15 0 38 57 7 74 87 22 24 33 54 82 61 85 12 94 4 40 29 39 76 70 72 60 98 69 89 97 34 8 95 32 86 80 63 45 84 47 99 81 77 36 75 16 46 48 62 88 30 41 37 90 44 91 9 35 73 19 26 11 21 27 93 71 10 83 17 
 13 65 3 35 58 14 92 43 44 15 79 25 96 18 31 6 50 28 2 29 68 97 85 61 45 47 8 40 46 11 62 66 24 33 54 82 86 60 78 64 7 74 21 87 5 94 4 42 70 1 49 38 12 75 57 91 69 23 52 22 37 16 55 89 93 20 67 80 99 95 51 34 76 59 88 30 39 63 84 81 77 36 48 53 41 90 72 32 56 9 98 73 19 26 0 27 71 10 83 17 
 23 52 1 67 13 68 49 55 5 3 31 58 20 65 25 79 96 18 14 92 59 56 6 28 43 51 50 2 53 66 64 78 15 0 38 57 7 74 87 4 42 70 24 22 33 54 82 61 85 12 94 40 29 39 76 63 72 60 35 69 89 97 34 8 95 32 86 80 45 84 47 99 81 77 36 75 16 46 48 62 88 30 41 37 90 44 91 9 98 73 19 26 11 71 27 93 21 10 83 17 
 3 65 83 91 13 34 61 53 46 76 79 56 8 62 92 96 47 50 25 31 6 28 15 18 41 78 1 24 33 54 82 19 39 60 35 69 74 21 87 94 4 42 57 38 70 75 2 72 29 45 23 52 22 37 16 55 89 93 20 27 97 85 49 90 67 66 40 32 81 77 36 63 0 88 30 59 58 9 98 48 26 11 68 86 12 84 64 17 5 71 44 73 95 43 10 51 99 80 7 14 
 3 62 83 68 34 61 53 46 76 79 40 13 15 65 96 47 50 92 8 56 31 6 36 25 18 91 64 78 26 33 54 82 19 39 60 24 7 21 87 22 67 41 71 5 94 4 42 57 38 70 75 2 72 29 45 23 52 69 37 35 16 55 89 93 20 27 97 85 49 1 66 90 32 81 77 28 74 30 0 86 14 9 98 73 58 88 12 84 11 17 48 44 80 95 43 10 51 99 63 59 
 3 62 83 58 34 61 53 46 76 79 40 13 15 65 96 47 50 92 8 56 31 6 36 25 18 91 64 78 82 33 54 26 19 39 60 24 7 21 87 22 67 41 71 5 94 4 42 57 38 70 75 2 72 29 45 23 52 69 37 35 16 55 89 93 20 27 97 85 49 1 66 90 32 81 77 28 74 30 0 86 14 9 98 73 68 88 12 84 11 17 48 44 80 95 43 10 51 99 63 59 
 13 65 3 35 58 14 92 43 44 15 79 25 96 18 31 6 50 28 2 29 68 97 85 61 45 47 8 40 46 0 62 66 24 33 54 82 86 60 78 64 7 74 21 87 5 94 4 42 70 1 49 38 12 75 57 91 69 23 52 22 37 16 55 89 93 20 67 80 99 95 51 34 76 59 88 30 39 63 84 81 77 36 48 53 41 90 72 32 56 9 98 73 19 26 11 27 71 10 83 17 
 23 52 1 67 13 68 49 55 5 3 31 58 20 65 25 79 96 18 14 92 59 56 6 28 43 51 42 50 2 53 66 64 78 15 0 38 57 7 74 87 22 24 33 54 82 61 85 12 94 4 40 29 39 76 63 72 60 35 69 89 97 34 8 95 32 86 80 70 45 84 47 99 81 77 36 75 16 46 48 62 88 30 41 37 90 44 91 9 98 73 19 26 11 21 27 93 71 10 83 17 
 3 62 58 34 61 46 79 40 13 0 15 65 25 96 47 36 56 31 6 18 91 64 78 26 44 92 53 24 33 54 82 19 39 60 35 69 74 21 87 94 4 42 57 38 70 75 2 72 29 45 23 52 22 37 16 93 20 1 49 67 55 89 97 85 27 90 76 7 66 32 81 77 88 30 41 17 9 28 8 86 12 84 68 50 95 43 51 99 80 63 14 83 98 48 11 59 5 71 73 10 
 3 83 58 79 61 53 46 76 34 40 13 15 65 25 96 47 50 92 56 31 6 36 8 18 91 64 78 26 33 54 82 19 39 60 24 74 21 87 57 38 75 2 72 94 4 42 70 29 45 23 22 85 49 67 1 66 52 69 37 16 55 89 93 20 27 97 90 32 81 77 28 7 30 41 0 88 59 62 35 86 12 84 68 44 9 98 48 11 17 5 71 73 95 43 10 51 99 80 63 14 
 1 68 86 20 3 56 53 46 76 79 40 13 15 65 18 25 96 58 92 59 31 6 28 43 44 50 60 55 64 78 48 7 82 33 54 61 24 12 39 35 22 69 87 94 4 42 57 38 70 75 2 72 29 45 23 52 21 37 74 5 16 66 89 93 27 97 85 49 67 34 8 95 32 51 80 63 84 47 99 81 77 36 0 62 88 30 41 14 90 91 9 98 73 19 26 11 71 10 83 17 
 76 9 58 34 61 53 46 3 79 40 13 15 65 25 96 47 36 8 56 31 6 50 92 18 91 64 78 26 33 54 82 19 39 60 24 74 21 87 57 38 75 2 72 94 4 42 70 29 45 23 22 85 49 67 1 66 52 69 37 16 55 89 93 20 27 97 90 32 81 77 28 7 30 41 0 88 59 62 35 86 12 84 68 44 95 43 51 99 80 63 14 83 98 48 11 17 5 71 73 10 
 3 62 83 58 34 61 53 46 76 79 40 13 15 65 25 96 47 50 92 98 31 6 8 18 91 64 78 26 33 54 82 19 39 68 24 74 21 87 57 38 75 2 72 94 4 42 70 29 45 23 52 20 37 16 55 89 93 22 27 97 85 49 67 69 1 66 90 32 81 77 28 48 36 7 0 88 30 41 35 9 71 5 73 59 56 60 86 12 84 11 17 44 95 43 10 51 99 80 63 14 
 23 52 1 67 13 68 49 55 5 3 31 58 20 65 25 79 96 18 14 92 40 59 56 6 28 43 51 50 2 53 66 64 78 15 0 38 57 7 74 87 70 24 33 54 82 61 39 12 94 4 42 29 85 76 22 72 60 35 69 89 97 34 8 95 32 86 80 63 45 84 47 99 81 77 36 75 16 46 48 62 88 30 41 37 90 44 91 9 98 73 19 26 11 21 27 93 71 10 83 17 
 3 62 83 58 34 61 53 46 76 79 40 51 15 65 81 96 47 50 92 67 31 6 36 25 18 91 26 54 82 19 39 28 35 20 69 78 74 21 87 38 70 94 4 42 57 33 24 7 55 71 22 90 75 2 72 29 56 45 23 52 37 16 89 93 27 97 85 49 64 1 66 32 8 77 60 30 41 0 88 59 9 73 98 48 68 86 12 84 11 17 5 44 95 43 10 13 99 80 63 14 
 1 67 13 68 86 20 65 3 76 79 40 56 58 25 96 18 92 59 31 6 28 43 44 50 60 55 64 78 15 48 7 82 33 54 12 24 61 39 35 22 93 69 87 94 4 42 57 38 70 75 2 72 29 45 23 52 21 37 89 74 5 27 97 16 66 85 49 53 34 8 95 32 51 80 63 84 47 99 81 77 36 46 0 62 88 30 41 14 90 91 9 98 73 19 26 11 71 10 83 17 
 3 62 83 58 34 61 53 46 76 79 40 13 15 65 96 47 50 92 8 56 31 6 36 25 18 91 64 78 26 33 54 82 19 39 60 24 7 21 87 94 4 42 57 38 70 75 2 72 35 29 45 23 52 22 37 16 55 89 93 20 27 97 85 49 67 69 1 66 90 32 81 77 28 74 30 41 0 10 59 9 98 73 68 88 12 84 11 17 48 5 71 44 80 95 43 86 51 99 63 14 
 3 62 83 58 34 61 53 46 76 79 40 13 15 65 96 47 50 92 8 56 31 6 36 25 18 91 64 78 26 33 54 82 19 39 60 24 7 21 87 22 67 41 71 5 94 4 42 57 38 70 75 2 72 29 45 23 52 69 37 35 16 55 89 93 20 27 97 85 49 1 66 90 32 81 77 28 74 30 0 86 59 9 98 73 68 88 12 84 11 17 48 44 80 95 43 10 51 99 63 14 
 3 62 83 58 34 61 53 46 76 40 13 15 65 25 96 47 50 8 56 31 6 36 92 18 91 64 78 26 33 54 82 19 39 60 24 74 21 87 57 38 75 2 72 94 4 42 70 29 45 23 52 22 37 16 55 89 93 20 27 97 85 49 67 69 1 12 90 32 81 77 28 7 30 41 0 88 79 35 59 9 73 98 48 68 86 66 84 11 17 5 71 44 95 43 10 51 99 80 63 14 
 3 62 83 58 34 61 53 46 76 79 40 13 15 65 25 96 47 50 92 98 31 6 28 8 18 91 64 78 26 33 54 82 19 39 68 20 74 21 87 94 4 42 57 38 70 24 69 75 2 48 23 52 93 37 16 66 90 1 29 55 89 97 85 49 67 27 72 32 81 77 36 7 0 88 30 41 35 9 22 71 5 73 59 56 45 60 86 12 84 11 17 44 95 43 10 51 99 80 63 14 
 76 9 58 34 61 53 46 3 79 40 13 15 65 25 96 47 50 8 56 31 6 36 92 18 91 64 78 26 33 54 82 19 39 60 24 74 21 87 57 38 75 2 72 94 4 42 70 29 45 23 52 22 37 16 55 89 93 20 27 97 85 49 67 69 1 66 90 32 81 77 28 7 30 41 0 88 59 62 35 86 12 84 68 44 95 43 51 99 80 63 14 83 98 48 11 17 5 71 73 10 
 1 13 32 86 65 62 25 96 18 76 6 28 50 51 47 99 40 31 56 68 88 58 20 90 48 14 92 59 43 44 53 66 64 78 15 0 38 57 7 74 33 54 24 82 19 39 60 46 22 93 21 87 94 4 42 70 75 2 72 29 8 23 52 69 37 61 12 16 55 89 97 85 49 67 34 45 95 80 63 84 81 77 36 35 3 30 41 79 91 9 98 73 26 11 27 5 71 10 83 17 
 23 1 67 13 68 5 65 3 58 73 14 92 59 6 56 31 44 50 53 64 78 15 48 66 24 33 54 82 86 39 60 7 74 21 12 94 4 42 29 38 2 85 76 34 8 10 20 37 69 18 96 25 43 28 72 55 89 52 87 97 57 61 40 95 32 51 80 63 45 84 47 99 81 77 36 75 16 46 0 62 88 30 41 35 90 49 70 91 9 98 79 19 26 11 22 27 93 71 83 17 
 1 67 13 68 86 20 65 3 56 58 79 25 96 18 92 40 59 31 6 28 43 44 50 60 55 64 78 15 48 7 82 33 54 12 76 24 61 39 35 22 93 21 87 94 4 42 57 38 70 75 2 72 29 45 23 52 69 37 89 74 5 27 97 16 66 85 49 53 34 8 95 32 51 80 63 84 47 99 81 77 36 46 0 62 88 30 41 14 90 91 9 98 73 19 26 11 71 10 83 17 
 23 13 86 65 3 35 58 14 92 43 44 15 0 79 25 96 18 31 6 47 50 28 40 2 29 68 89 66 97 85 61 52 53 82 22 37 78 55 64 7 74 21 87 5 94 4 42 70 16 24 1 49 38 12 75 54 33 57 91 69 20 67 80 8 95 51 34 76 59 88 30 39 63 45 84 99 81 77 36 46 48 62 60 41 90 72 32 56 9 98 73 19 26 11 27 93 71 10 83 17 
 23 50 67 68 5 65 3 58 14 79 40 13 92 59 90 6 28 31 44 1 53 64 78 15 48 51 45 47 99 16 46 0 62 66 24 33 54 82 86 39 60 35 7 74 21 63 94 4 42 29 38 2 85 76 34 8 49 70 84 80 10 20 37 69 18 96 25 81 43 56 77 36 12 75 95 32 72 41 55 89 52 87 97 57 61 22 88 30 91 9 98 73 19 26 11 27 93 71 83 17 
