 57 38 82 99 92 23 15 25 17 48 18 83 91 98 62 43 56 8 50 28 0 30 97 29 70 68 88 69 64 12 36 13 73 10 78 37 39 35 52 16 87 21 66 41 5 46 14 32 65 74 24 33 61 94 4 53 1 31 80 44 58 2 75 40 47 95 51 86 72 45 84 60 54 19 42 85 49 67 22 93 20 26 76 59 63 7 79 55 3 96 9 89 71 6 81 77 11 34 90 27 
 82 4 32 44 16 58 15 25 17 48 5 98 83 52 88 68 38 40 47 95 84 8 53 39 94 29 99 70 92 9 14 18 46 65 37 23 35 69 86 50 60 43 36 12 75 51 2 6 31 11 28 34 19 72 42 85 56 66 73 93 87 78 1 24 45 54 49 67 57 22 10 62 91 74 20 26 76 59 64 3 27 33 63 79 0 89 71 97 21 96 7 55 30 41 80 81 77 13 61 90 
 82 4 32 20 16 58 15 25 17 48 5 98 83 78 88 68 38 40 47 95 8 53 39 94 29 99 70 92 9 14 18 46 65 37 23 35 69 86 50 43 36 12 75 51 2 6 31 11 28 34 56 66 73 52 1 24 57 10 62 91 74 64 27 33 0 89 71 97 72 45 84 60 54 19 42 85 49 67 22 93 44 26 76 59 63 7 79 55 3 96 87 21 30 41 80 81 77 13 61 90 
 57 12 39 25 23 15 17 48 36 50 83 98 0 41 16 71 22 64 46 61 70 89 24 33 87 38 4 40 32 35 78 30 19 31 62 65 68 2 84 5 29 56 73 10 91 88 58 60 99 75 1 72 86 95 47 28 52 92 18 13 51 44 9 43 80 45 54 49 67 53 37 74 21 97 42 26 34 69 85 82 93 20 94 76 59 63 7 79 55 3 96 11 14 6 81 77 8 66 90 27 
 82 4 32 44 92 58 15 25 17 48 5 98 83 88 68 38 40 47 95 84 8 53 39 94 29 99 70 16 73 14 18 46 65 37 23 35 69 43 50 60 86 36 12 75 51 2 6 31 11 28 34 19 72 42 85 66 56 78 9 93 87 52 1 24 45 54 49 67 57 22 10 62 91 74 20 26 76 59 64 3 27 33 63 79 0 89 71 97 21 96 7 55 30 41 80 81 77 13 61 90 
 87 64 84 99 32 92 23 15 25 17 48 9 98 83 91 18 62 8 50 19 0 39 7 66 41 55 89 24 63 29 53 74 16 46 33 40 52 78 30 31 28 65 68 12 36 56 73 10 82 61 57 38 94 4 22 88 58 34 75 1 72 86 95 47 13 51 44 60 43 45 35 14 49 67 70 59 3 71 21 97 42 85 69 93 20 26 76 79 96 80 37 27 5 54 11 6 81 77 2 90 
 57 38 82 99 32 92 23 15 25 17 9 98 83 91 18 62 43 56 8 50 28 0 30 97 29 70 68 88 69 78 12 36 13 73 10 64 37 39 35 65 74 16 31 48 52 21 66 24 5 46 14 1 53 41 33 61 94 4 80 44 58 2 75 40 47 95 51 86 72 45 84 60 54 19 42 85 49 67 22 93 20 26 76 59 63 7 79 55 3 96 87 89 71 6 81 77 11 34 90 27 
 82 4 32 44 58 15 25 17 48 5 16 18 83 78 88 68 38 40 47 95 84 8 53 39 94 99 70 92 9 14 98 91 65 3 23 35 69 43 50 60 86 36 12 75 51 2 29 6 31 11 28 34 19 72 42 85 56 66 73 93 87 52 1 24 45 54 49 67 57 22 10 62 46 74 20 26 76 59 64 37 27 33 63 79 0 89 71 97 21 96 7 55 30 41 80 81 77 13 61 90 
 57 12 32 72 96 15 25 17 48 5 83 78 88 91 98 62 43 84 56 68 38 40 47 24 60 86 39 94 29 99 70 16 90 23 35 18 69 46 31 50 59 67 74 53 4 36 10 58 9 73 20 2 85 28 42 75 33 22 93 87 52 1 95 51 44 82 26 61 54 11 19 45 13 80 34 76 64 3 65 49 63 7 79 0 71 97 21 89 55 30 41 37 14 6 81 77 8 66 92 27 
 57 82 92 23 43 17 48 98 83 10 50 1 84 0 30 39 80 7 41 55 89 24 14 74 16 61 26 19 12 36 56 73 15 64 37 87 38 94 4 22 88 58 9 62 99 75 32 68 45 31 18 60 25 52 35 29 49 67 53 63 2 70 40 72 86 95 47 13 51 44 66 79 96 91 65 59 3 71 21 97 42 85 69 93 20 46 76 78 27 33 5 54 28 11 6 81 77 8 34 90 
 82 4 32 44 58 15 25 17 48 5 16 18 83 78 88 68 38 40 47 95 84 8 53 39 94 24 99 70 92 9 14 98 91 65 37 23 35 69 43 50 60 86 36 12 75 51 2 6 31 11 28 34 19 72 42 85 56 66 73 93 87 52 1 29 45 54 49 67 57 22 10 62 46 74 20 26 76 59 64 3 27 33 63 79 0 89 71 97 21 96 7 55 30 41 80 81 77 13 61 90 
 61 82 0 23 25 17 48 98 83 15 50 84 19 92 39 89 41 55 24 33 70 74 16 46 78 30 64 40 12 36 32 68 66 29 56 73 10 91 37 87 38 94 4 22 88 58 9 62 2 99 75 1 72 86 95 47 13 18 51 44 60 26 43 52 31 45 54 49 67 71 93 20 76 3 53 21 97 42 85 69 35 96 80 65 59 90 7 79 57 27 5 14 28 11 6 81 77 8 34 63 
 57 38 12 99 32 92 23 15 25 17 48 9 98 83 91 35 18 97 43 56 84 39 94 29 33 24 75 1 14 16 5 60 62 28 42 85 46 31 50 0 52 74 53 4 36 10 58 73 20 22 93 87 82 61 11 8 80 65 78 63 2 70 40 72 86 95 47 13 51 44 26 45 54 49 67 34 76 27 37 59 66 7 79 68 88 69 21 55 3 96 64 89 90 6 81 77 30 41 19 71 
 57 38 12 99 32 80 23 15 25 17 48 9 98 83 91 35 18 69 43 56 84 39 94 29 33 24 75 1 14 16 5 60 62 28 42 85 46 31 50 0 52 74 53 4 36 10 58 73 20 22 93 87 82 61 11 8 92 65 78 63 2 70 40 72 86 95 47 13 51 44 26 45 54 49 67 34 76 27 37 59 66 7 79 68 88 97 21 55 3 96 64 89 90 6 81 77 30 41 19 71 
 82 4 32 44 58 15 25 17 48 5 16 18 83 78 88 68 38 40 47 95 84 8 53 39 94 29 99 70 92 9 14 98 46 65 37 23 35 69 43 50 60 86 36 12 75 51 2 6 31 11 28 34 19 72 42 85 56 66 73 93 87 52 1 24 45 54 49 67 57 22 10 62 91 74 20 26 76 59 64 3 27 33 63 79 0 89 71 97 21 96 7 55 30 41 80 81 77 13 61 90 
 57 12 39 25 23 15 17 48 36 50 83 98 0 41 16 71 22 64 46 61 70 89 24 33 87 38 4 40 32 35 78 30 19 31 62 65 68 2 84 5 29 56 73 10 91 88 58 60 99 75 1 72 86 95 47 28 52 92 18 13 51 44 9 43 80 45 54 49 67 53 37 74 21 97 42 94 34 69 85 82 93 20 26 76 59 63 7 79 55 3 96 11 14 6 81 77 8 66 90 27 
 57 12 39 52 23 15 17 48 0 50 83 98 36 41 16 71 82 64 46 61 70 38 24 33 87 89 4 40 32 35 78 30 19 31 62 65 68 28 84 5 29 34 73 10 91 88 58 60 18 56 1 72 86 95 47 2 25 92 13 99 51 44 9 43 80 45 54 49 67 53 37 74 21 97 42 94 75 69 85 22 93 20 26 76 59 63 7 79 55 3 96 11 14 6 81 77 8 66 90 27 
 57 38 12 1 32 92 23 15 25 17 48 9 98 83 91 18 62 8 50 0 39 7 66 41 55 35 69 43 56 84 94 75 33 24 29 40 14 16 5 60 28 42 85 46 31 52 74 53 4 36 10 58 73 20 22 93 87 63 80 65 78 82 2 70 99 72 86 44 61 54 11 19 45 47 13 51 95 26 49 67 34 76 27 37 59 79 68 88 97 21 3 96 64 89 71 6 81 77 30 90 
 82 4 32 44 16 58 15 25 17 48 5 98 83 78 88 68 38 40 47 95 84 8 53 39 94 29 99 70 92 9 14 18 46 65 37 23 35 69 86 50 60 43 36 12 75 51 2 6 31 11 28 34 19 72 42 85 56 66 73 93 87 52 1 24 45 54 49 67 57 22 10 62 91 74 20 26 76 59 64 3 27 33 63 79 0 89 71 97 21 96 7 55 30 41 80 81 77 13 61 90 
 57 82 0 23 25 17 48 98 83 15 50 32 28 19 92 68 39 64 66 41 71 24 33 29 70 74 16 46 78 30 89 40 12 36 56 73 10 91 37 87 38 94 4 22 88 58 9 62 2 99 75 1 72 86 95 47 13 18 51 44 60 26 43 52 31 45 54 49 67 55 93 20 76 3 53 21 97 42 85 69 35 96 80 65 59 63 7 79 61 27 5 14 84 11 6 81 77 8 34 90 
 57 82 0 23 25 17 48 98 83 15 50 32 84 19 92 68 39 66 41 55 24 33 29 70 74 16 46 78 30 89 40 12 36 56 73 91 9 2 75 1 53 64 37 87 38 94 4 22 88 58 62 99 72 86 95 47 13 18 51 44 60 26 43 52 31 45 54 49 67 71 93 20 76 3 10 21 97 42 85 69 35 96 80 65 59 63 7 79 61 27 5 14 28 11 6 81 77 8 34 90 
 57 38 82 99 47 92 23 15 25 17 48 18 83 91 98 62 43 84 56 8 50 28 0 30 97 29 70 68 88 69 78 12 36 13 73 10 64 37 39 35 52 16 87 21 66 41 5 46 14 32 80 65 74 24 33 61 94 4 53 44 58 2 40 75 1 95 51 86 26 45 31 60 54 19 42 85 49 67 22 93 20 72 76 59 63 7 79 55 3 96 9 89 71 6 81 77 11 34 90 27 
 57 12 32 72 96 3 25 5 78 17 98 83 48 88 68 38 40 47 43 86 56 6 53 39 94 29 99 70 16 14 91 92 23 35 18 69 46 31 50 59 33 74 24 4 36 10 58 9 73 20 2 85 60 62 28 42 75 67 22 93 87 52 84 1 95 51 82 61 54 11 13 44 26 19 45 49 34 76 64 15 65 80 63 7 79 0 71 97 21 89 27 66 55 30 41 81 77 8 90 37 
 57 12 32 72 96 3 25 17 78 5 98 83 48 88 68 67 40 47 43 86 56 6 39 94 24 29 99 70 16 14 91 92 23 35 18 69 46 31 50 59 33 74 53 4 36 10 58 9 73 20 2 85 60 62 28 42 75 38 22 93 87 52 84 1 95 51 82 61 54 11 13 44 26 19 45 80 34 76 64 15 65 49 63 7 79 0 71 97 21 89 27 66 55 30 41 81 77 8 90 37 
 57 12 39 25 23 15 17 48 36 50 83 98 0 41 16 71 82 64 46 61 70 89 24 33 87 38 4 40 32 35 78 30 19 31 62 65 68 28 84 5 29 56 73 10 91 88 58 96 99 75 1 72 86 95 47 2 52 92 13 18 51 44 9 43 80 45 54 49 67 53 37 74 21 97 42 94 34 69 85 22 93 20 26 76 59 63 7 79 55 3 60 11 14 6 81 77 8 66 90 27 
 82 4 32 44 92 58 15 25 17 48 5 98 83 78 88 68 38 40 47 95 84 8 53 39 94 29 99 70 16 9 14 18 46 65 37 23 35 69 43 50 60 86 36 12 75 51 2 6 31 11 28 34 19 72 42 85 56 66 73 93 87 52 1 24 45 54 49 67 57 22 10 62 91 74 20 26 76 59 64 3 27 33 63 79 0 89 71 97 21 96 7 55 30 41 80 81 77 13 61 90 
 57 38 82 99 32 92 23 15 25 17 48 18 83 91 98 62 43 84 56 8 50 28 0 30 97 29 70 68 88 39 78 12 36 73 10 64 37 69 35 52 16 87 21 66 41 5 46 14 47 11 80 65 74 24 33 61 94 4 53 44 58 2 40 75 1 95 51 86 26 45 31 60 54 19 42 85 49 67 22 93 20 72 76 59 63 7 79 55 3 96 9 89 71 6 81 77 13 34 90 27 
 57 12 32 72 96 15 25 17 48 3 98 83 78 88 68 38 40 47 43 84 56 6 24 39 94 29 99 70 16 14 91 92 23 35 18 69 46 31 50 59 33 4 53 74 65 10 58 9 73 20 2 85 60 62 28 42 75 67 22 93 87 52 86 1 95 51 44 82 26 61 54 11 19 45 13 80 34 76 64 5 27 36 49 63 66 7 79 0 71 97 21 89 55 30 41 81 77 8 90 37 
 57 38 82 99 32 92 23 15 25 17 48 18 83 91 98 62 43 84 56 8 50 28 0 30 97 29 70 68 88 69 78 12 36 13 73 10 64 37 39 35 52 16 87 21 66 41 5 46 14 47 80 65 74 24 33 61 94 4 53 44 58 2 40 75 1 95 51 86 26 45 31 60 54 19 42 85 49 67 22 93 20 72 76 59 63 7 79 55 3 96 9 89 71 6 81 77 11 34 90 27 
 57 12 39 52 23 15 17 48 0 50 83 98 36 41 16 71 82 64 46 61 70 89 24 33 87 38 4 40 2 35 78 30 19 31 62 65 68 28 84 5 29 34 73 10 91 88 1 60 99 56 58 72 86 95 47 32 25 92 13 18 51 44 9 43 80 45 54 49 67 53 37 74 21 97 42 94 75 69 85 22 93 20 79 26 76 59 63 7 55 3 96 11 14 6 81 77 8 66 90 27 
 57 12 32 72 96 15 25 17 48 5 98 83 78 88 68 38 40 47 43 53 60 6 24 39 94 29 99 70 16 14 91 92 23 35 18 69 71 31 50 59 33 4 84 74 65 10 58 9 73 20 2 85 56 62 28 42 75 67 22 93 87 52 86 1 95 51 44 82 26 61 54 11 19 45 13 80 34 76 64 3 27 36 49 63 66 79 7 0 46 97 21 89 55 30 41 81 77 8 90 37 
 57 12 32 72 96 15 25 17 48 91 98 83 78 88 68 38 40 47 43 24 56 86 39 94 29 99 70 16 5 92 23 35 18 69 46 31 50 59 22 74 53 4 36 10 58 9 73 20 2 85 60 62 28 42 75 67 33 93 87 52 84 1 95 51 44 82 26 61 54 11 19 45 13 80 34 76 64 3 65 49 63 7 79 0 71 97 21 89 55 30 41 37 14 6 81 77 8 66 90 27 
 57 38 12 99 32 92 23 15 25 17 48 9 98 83 91 35 18 14 43 56 84 39 94 29 33 24 75 1 69 16 5 0 62 28 42 85 46 31 50 60 52 74 53 4 36 10 58 73 20 22 93 87 82 61 11 8 80 65 78 66 2 70 40 72 86 95 47 13 51 44 26 45 54 49 67 34 76 27 37 59 63 7 79 68 88 97 21 55 3 96 64 89 90 6 81 77 30 41 19 71 
 57 82 92 23 25 17 48 98 83 10 50 1 84 0 30 39 80 7 41 55 89 24 63 14 70 74 16 61 26 19 40 12 36 56 73 15 64 37 87 38 94 4 22 88 58 9 62 99 2 75 32 72 86 95 47 13 68 45 31 18 51 44 60 43 52 35 29 49 67 53 66 79 96 91 65 59 3 71 21 97 42 85 69 93 20 46 76 78 27 33 5 54 28 11 6 81 77 8 34 90 
 57 82 92 23 15 50 0 3 25 17 48 9 98 83 91 35 18 69 43 56 84 39 7 66 41 55 89 24 63 29 70 74 16 78 46 33 40 12 36 73 10 64 37 87 38 94 4 22 88 58 62 99 2 75 1 72 86 95 32 13 51 47 68 45 31 44 60 5 52 49 67 71 93 20 14 53 76 59 30 21 97 42 85 79 96 80 65 8 28 26 61 54 19 11 6 81 77 34 90 27 
 57 38 12 32 92 23 15 25 17 35 98 58 18 91 7 46 84 72 53 56 6 19 94 4 70 40 29 99 50 33 74 10 73 9 83 14 52 16 5 60 62 28 42 85 22 93 87 82 61 11 8 86 65 78 63 2 75 1 43 80 95 47 13 51 44 26 31 48 45 54 49 67 34 76 27 39 37 20 59 36 66 24 88 64 3 0 68 30 41 55 89 21 97 71 69 79 96 81 77 90 
 57 38 12 99 32 92 23 15 25 17 48 9 98 83 91 35 18 14 43 56 84 39 94 29 33 24 75 1 63 16 5 60 62 28 42 85 46 31 50 0 52 74 53 4 36 10 58 73 20 22 93 87 82 61 11 8 80 65 78 69 2 70 40 72 86 95 47 13 51 44 26 45 54 49 67 34 76 27 37 59 66 7 79 68 88 97 21 55 3 96 64 89 90 6 81 77 30 41 19 71 
 57 12 32 72 96 15 25 17 48 5 98 83 78 88 68 38 40 47 43 53 60 6 24 39 94 29 99 70 16 14 91 92 23 35 18 69 71 31 50 59 33 4 84 74 65 10 58 9 73 20 2 85 56 62 28 42 75 67 22 93 87 52 86 1 95 51 44 82 26 61 54 11 19 45 13 80 34 76 64 3 27 36 49 63 66 7 79 0 46 97 21 89 55 30 41 81 77 8 90 37 
 57 12 32 72 96 3 25 17 48 35 98 83 78 88 68 38 40 47 43 86 56 6 24 39 29 99 70 16 14 91 92 23 5 18 69 46 31 50 59 33 4 36 10 58 9 73 20 2 85 60 62 28 75 22 93 87 52 84 1 95 51 82 61 54 49 67 53 37 74 89 97 42 94 34 11 13 44 26 19 8 80 76 64 15 65 63 7 79 0 71 21 55 30 41 81 77 45 66 90 27 
 57 38 12 1 32 92 23 15 25 17 48 9 98 83 91 18 62 8 50 0 39 7 66 41 55 35 69 43 56 84 94 75 33 24 29 40 14 16 5 60 28 42 85 46 31 52 74 53 4 36 10 58 73 20 22 93 87 82 80 65 78 63 2 70 99 72 86 44 61 54 11 19 45 47 13 51 95 26 49 67 34 76 27 37 59 79 68 88 97 21 3 96 64 89 71 6 81 77 30 90 
 57 82 92 23 25 17 48 98 83 10 50 1 84 0 30 39 80 7 41 55 89 24 63 14 70 74 16 61 46 19 40 12 36 56 73 15 64 37 87 38 94 4 22 88 58 9 62 99 2 75 32 72 86 95 47 13 68 45 31 18 51 44 60 43 52 35 29 49 67 53 66 79 96 91 65 59 3 71 21 97 42 85 69 93 20 26 76 78 27 33 5 54 28 11 6 81 77 8 34 90 
 57 64 84 99 32 92 23 15 25 17 48 9 98 83 91 18 62 8 50 19 0 39 7 66 41 55 89 24 63 29 53 74 16 46 33 40 52 78 30 31 28 65 68 12 36 56 73 10 82 37 87 38 94 4 22 88 58 34 75 1 72 86 95 47 13 51 44 60 43 45 35 14 49 67 70 59 3 71 21 97 42 85 69 93 20 26 76 79 96 80 61 27 5 54 11 6 81 77 2 90 
 57 12 32 72 96 3 25 17 48 5 98 83 78 88 68 38 40 47 43 86 56 6 24 39 29 99 70 16 14 91 92 23 35 58 69 46 31 50 59 33 4 36 10 18 9 73 20 2 85 60 62 28 75 22 93 87 52 84 1 95 51 82 61 54 49 67 53 37 74 89 97 42 94 34 11 13 44 26 19 8 80 76 64 15 65 63 7 79 0 71 21 55 30 41 81 77 45 66 90 27 
 57 82 0 23 25 17 48 98 83 15 50 32 84 19 92 68 39 64 66 41 55 24 33 29 70 74 16 46 78 30 89 40 12 36 56 73 10 91 37 87 38 94 4 22 88 58 9 62 2 99 75 1 72 86 95 47 13 18 51 44 60 26 43 52 31 45 54 49 67 71 93 20 76 3 53 21 97 42 85 69 35 96 80 65 59 63 7 79 61 27 5 14 28 11 6 81 77 8 34 90 
 57 12 32 72 96 15 25 17 48 5 98 83 78 88 68 38 40 47 43 84 56 6 24 39 94 29 99 70 16 14 91 92 23 35 18 69 46 31 50 59 33 4 53 74 65 10 58 9 73 20 2 85 60 62 28 42 75 67 22 93 87 52 86 1 95 51 44 82 26 61 54 11 19 45 13 80 34 76 64 3 27 36 49 63 66 7 79 0 71 97 21 89 55 30 41 81 77 8 90 37 
 38 40 45 26 65 48 60 57 76 82 77 43 63 59 3 20 58 90 93 74 16 27 37 89 14 78 30 21 87 53 1 18 55 71 24 7 19 85 34 22 69 64 73 96 52 0 79 9 91 62 23 10 25 72 32 12 4 70 97 92 44 83 98 35 15 17 88 68 39 31 8 6 50 2 99 95 13 54 42 66 46 5 33 61 41 36 81 28 80 11 86 51 47 56 84 29 94 49 67 75 
 75 40 2 11 45 26 36 96 73 28 46 24 63 59 3 20 58 90 93 74 16 27 37 89 14 78 30 21 87 25 65 23 8 60 80 99 95 86 83 9 97 57 82 71 76 18 66 12 54 19 85 22 69 64 92 91 10 43 48 41 52 0 62 31 35 68 70 4 55 79 1 7 42 34 72 32 50 44 98 15 17 5 33 61 53 81 47 77 6 84 51 13 56 39 88 29 94 49 67 38 
 38 40 2 45 39 26 59 82 54 43 53 1 74 66 37 89 30 88 68 96 87 21 55 71 16 14 78 93 7 24 19 85 48 22 69 63 64 3 25 65 23 8 84 34 46 20 58 18 52 0 12 79 92 31 91 62 10 50 90 76 57 42 72 94 4 70 97 9 44 83 98 35 15 17 73 27 41 5 33 61 36 28 77 81 47 99 51 95 13 56 11 60 32 6 86 80 29 49 67 75 
 38 40 2 45 39 26 59 99 95 76 82 37 89 78 30 21 87 1 93 88 68 24 63 19 85 22 69 64 3 25 65 23 77 8 60 52 48 74 54 46 53 66 7 5 20 58 18 96 0 79 92 31 91 62 10 86 55 71 14 57 42 90 34 72 32 94 4 70 16 97 9 44 83 98 35 15 17 73 33 61 27 41 36 56 28 6 47 80 84 11 50 43 51 81 13 29 49 12 67 75 
 38 40 2 45 39 26 59 99 95 76 82 37 0 78 30 21 87 1 93 88 68 24 63 19 16 22 69 64 3 25 65 23 77 8 60 48 74 54 46 53 66 7 5 20 58 18 96 89 79 92 31 91 62 10 50 55 71 14 57 85 90 34 72 94 4 70 42 97 9 83 35 73 80 44 98 15 17 52 33 61 27 41 36 81 28 6 47 32 84 11 13 56 86 51 43 29 49 12 67 75 
 38 40 2 45 39 26 59 99 95 76 82 37 89 78 30 21 87 1 93 88 68 24 63 19 16 22 69 64 3 25 65 23 77 8 60 52 48 74 54 46 53 66 7 5 20 58 18 96 0 79 92 31 91 62 10 50 55 71 14 57 42 90 34 72 32 94 4 70 33 97 9 44 83 98 35 15 17 73 85 61 27 41 36 56 28 6 47 80 84 11 86 43 51 81 13 29 49 12 67 75 
 38 40 2 84 45 26 48 96 73 28 46 24 63 59 3 20 58 90 93 74 16 27 37 89 14 78 30 21 87 25 65 23 8 60 80 99 95 36 83 9 97 57 82 71 76 18 66 12 54 19 85 22 69 64 92 91 10 43 86 41 52 0 62 31 35 68 70 4 55 79 1 7 42 34 72 32 50 44 98 15 17 5 33 61 53 81 47 77 6 39 51 13 56 11 88 29 49 75 67 94 
 38 40 2 45 39 26 59 99 95 76 37 78 30 21 87 1 93 88 68 24 63 19 85 22 69 64 3 25 65 23 77 8 60 52 48 74 54 46 53 66 7 5 20 58 18 96 0 82 79 92 31 50 62 10 91 55 71 16 89 14 57 42 90 34 72 94 4 70 97 9 83 35 73 80 44 98 15 17 33 61 27 41 36 81 28 13 47 32 84 11 6 56 86 51 43 29 49 12 67 75 
 38 40 45 26 59 60 96 79 57 76 82 54 43 53 66 0 89 30 21 87 65 55 71 16 14 78 93 88 41 7 19 85 90 69 64 3 73 20 58 52 18 74 48 9 46 91 62 70 34 22 37 31 61 86 72 32 12 4 44 97 42 1 5 83 98 35 23 10 15 17 25 8 36 81 28 84 39 63 33 27 24 92 6 80 50 2 47 99 95 51 13 56 77 11 29 94 68 49 67 75 
 38 40 2 45 39 26 59 99 82 54 43 53 1 74 66 37 89 30 88 68 96 87 21 55 71 16 14 78 93 7 24 19 85 34 22 69 63 64 3 25 65 23 8 84 48 46 20 58 18 52 0 12 79 92 31 91 62 10 50 90 76 57 42 72 94 4 70 97 9 44 83 98 35 15 17 73 27 41 5 33 61 36 81 28 77 56 11 60 32 95 51 13 6 86 47 80 29 49 67 75 
 38 40 45 26 59 65 48 60 57 76 82 77 43 53 1 74 37 89 30 21 87 96 55 71 16 14 78 93 24 7 19 85 34 22 69 64 3 73 20 58 18 52 0 79 9 91 62 23 10 25 90 72 32 12 4 70 97 92 44 83 98 35 15 17 88 68 39 31 8 6 50 2 99 95 13 54 42 63 66 46 5 33 61 27 41 36 81 28 80 11 86 51 47 56 84 29 94 49 67 75 
 38 40 45 26 59 60 96 48 57 76 82 54 43 53 66 0 89 30 21 87 3 55 71 16 14 78 93 88 41 7 19 85 22 69 64 65 73 20 58 52 18 74 79 1 37 24 34 90 9 91 62 23 46 61 10 25 42 72 32 12 4 70 97 31 81 36 95 44 83 98 35 15 17 68 39 63 33 27 92 5 8 6 28 80 50 2 99 56 51 13 47 77 84 11 86 29 94 49 67 75 
 4 70 88 40 45 39 26 59 3 76 82 54 28 60 96 73 48 65 99 95 51 9 1 93 27 16 89 78 30 24 87 21 7 19 85 22 69 64 20 58 23 56 63 66 33 32 12 84 92 18 91 62 10 77 25 43 53 37 55 71 52 0 31 35 68 72 34 14 5 79 41 46 81 8 6 36 80 47 83 98 29 75 67 74 57 97 42 90 50 15 17 13 44 11 86 2 61 94 49 38 
 38 40 2 45 39 26 88 96 73 56 46 24 63 59 3 20 58 90 93 74 16 27 37 89 14 78 30 21 9 25 65 23 8 60 80 99 95 36 83 87 97 57 82 71 76 18 12 54 19 85 53 22 69 64 92 91 10 31 48 17 52 0 62 43 35 68 70 4 55 79 1 7 42 34 72 32 50 44 98 15 66 5 33 61 41 81 6 47 84 11 13 28 86 51 77 29 75 67 49 94 
 4 70 88 72 84 39 26 59 3 76 82 54 60 83 73 48 65 99 95 51 9 1 93 27 16 89 78 30 24 87 21 7 19 85 22 69 29 20 58 56 63 66 47 32 12 92 18 91 62 10 25 33 53 37 55 71 52 0 31 68 40 34 14 5 79 41 46 35 23 81 8 36 80 96 98 64 75 67 74 57 97 42 90 28 6 43 77 17 15 50 13 44 45 11 86 2 61 94 49 38 
 38 40 2 45 39 26 59 99 82 54 43 53 1 66 74 37 89 30 88 68 96 87 21 55 71 16 14 78 95 76 93 24 63 19 85 22 69 64 3 25 65 23 77 8 60 52 48 31 46 7 5 20 58 18 0 79 92 91 62 10 50 57 42 90 34 72 67 94 4 70 97 9 44 83 98 35 15 17 73 33 61 27 41 36 56 28 6 47 80 84 11 86 51 81 13 29 12 75 32 49 
 38 40 2 45 39 26 59 99 95 12 82 54 6 21 87 1 93 88 68 24 63 19 85 22 69 89 78 30 64 3 25 65 23 77 8 60 58 48 74 46 53 66 7 5 20 52 18 96 0 79 92 31 50 62 10 91 55 71 14 76 57 42 90 34 72 32 94 4 70 16 97 9 44 83 98 35 15 17 73 33 61 27 41 36 81 28 47 80 84 11 86 43 51 56 13 29 49 37 67 75 
 38 40 2 45 39 26 59 99 82 54 43 53 1 66 74 37 89 30 88 68 96 87 21 55 71 16 14 78 93 24 7 19 85 34 22 69 63 64 3 25 65 23 8 84 48 46 20 58 18 52 0 12 79 92 31 91 62 10 50 90 76 57 42 72 94 4 70 97 9 44 83 98 35 15 17 73 27 41 5 33 61 36 81 28 77 56 11 60 32 95 51 13 6 86 47 80 29 49 67 75 
 4 70 29 72 45 39 26 59 76 82 54 60 96 73 48 65 99 95 51 9 1 93 27 16 89 78 30 24 87 21 7 19 85 75 22 69 64 3 20 58 92 31 23 63 66 43 32 12 84 18 91 62 10 25 33 53 37 55 71 52 0 56 35 68 40 34 14 5 79 41 46 81 8 36 80 83 98 88 67 74 57 97 42 90 28 6 47 77 17 15 50 13 44 11 86 2 61 94 49 38 
 38 40 2 39 45 26 59 99 95 76 82 37 89 78 30 21 87 1 93 88 68 24 63 19 85 22 69 64 3 25 65 23 77 8 60 52 48 74 31 46 53 66 7 5 20 58 18 96 0 50 92 54 91 62 10 79 55 71 14 57 42 90 34 72 32 94 4 70 16 97 9 44 83 98 35 15 17 73 33 61 27 41 36 56 28 6 47 80 84 11 86 43 51 81 13 29 12 75 67 49 
 4 70 88 72 45 39 26 59 3 76 82 54 60 96 73 48 65 99 95 51 9 1 93 27 16 89 78 30 24 87 21 7 19 85 75 69 64 20 58 23 31 63 66 43 32 12 84 92 18 91 62 10 25 33 53 37 55 71 52 0 56 35 68 40 34 14 5 79 41 46 81 8 36 80 83 98 29 22 67 74 57 97 42 90 28 6 47 77 17 15 50 13 44 11 86 2 61 94 49 38 
 38 40 2 45 39 26 59 99 95 76 21 89 78 30 82 1 88 68 24 63 19 85 22 69 64 3 25 65 23 77 8 60 48 54 46 66 7 5 20 58 74 87 52 18 91 62 10 43 53 37 93 79 55 96 0 92 31 50 71 14 57 42 90 34 72 32 94 4 70 16 97 9 44 83 98 35 15 17 73 33 61 27 41 36 56 28 6 47 80 84 11 86 51 81 13 29 49 12 67 75 
 38 19 45 26 59 61 82 54 66 0 21 78 88 7 20 58 46 31 81 39 24 63 40 85 22 69 64 3 73 25 65 23 8 77 96 48 92 84 1 30 74 87 52 18 91 62 10 43 53 79 93 37 55 71 14 76 34 72 32 12 4 70 16 9 44 83 98 35 5 89 33 27 41 36 80 2 99 95 51 13 57 97 42 90 28 6 47 60 17 15 50 56 11 86 29 94 68 49 67 75 
 38 40 45 26 59 60 96 48 57 76 82 11 43 53 66 0 89 30 21 87 65 55 71 16 14 78 37 93 88 41 7 19 85 90 69 64 52 73 20 58 3 18 74 79 9 17 62 10 42 34 22 91 15 61 86 72 32 12 70 4 27 97 44 1 5 83 98 35 23 25 81 28 84 39 63 33 24 92 31 46 8 6 36 80 50 2 47 99 95 51 13 56 77 54 29 94 68 49 67 75 
 38 40 45 26 59 60 65 48 57 76 82 54 28 43 53 1 21 37 89 30 74 87 96 55 71 16 14 78 93 24 7 19 85 34 22 69 64 3 73 20 58 18 52 0 79 9 91 62 23 10 25 90 72 32 12 4 70 97 92 44 83 98 35 15 17 88 68 39 31 8 6 50 2 99 95 13 77 42 63 66 46 5 33 61 27 41 36 81 80 11 86 51 47 56 84 29 94 49 67 75 
 38 40 2 39 45 26 88 96 73 28 46 33 63 59 3 20 58 90 93 74 16 27 37 89 14 78 30 21 24 87 25 65 23 8 60 80 36 0 97 57 82 71 76 64 66 12 54 19 85 22 69 18 9 91 10 43 48 53 52 92 62 31 68 70 4 55 79 1 7 41 34 72 32 6 44 83 98 35 15 17 5 61 42 81 47 99 51 95 13 56 84 11 50 86 77 29 49 67 75 94 
 4 70 88 72 45 39 26 59 3 76 82 54 28 60 96 73 48 65 99 95 51 9 1 93 27 16 89 78 30 24 87 21 7 19 85 22 69 64 20 58 23 56 63 66 43 32 12 84 92 18 91 62 10 77 25 33 53 37 55 71 52 0 31 35 68 40 34 90 5 79 41 46 81 8 6 36 80 98 83 47 29 75 67 74 57 97 42 14 50 15 17 13 44 11 86 2 61 94 49 38 
 4 70 49 94 88 72 45 8 39 13 59 2 76 82 54 28 60 80 96 73 48 65 36 99 95 51 9 1 93 16 89 78 30 74 87 21 7 19 85 22 69 64 20 58 23 3 56 63 66 43 32 12 84 92 18 91 62 10 77 25 53 37 55 71 57 52 0 31 35 68 40 34 14 5 33 27 24 17 44 79 41 46 81 6 47 83 98 61 97 42 90 75 67 29 26 15 50 86 11 38 
 4 70 88 72 84 39 26 59 3 76 82 54 60 83 73 48 65 99 95 51 9 1 93 27 16 89 78 30 24 87 21 7 19 85 22 69 64 20 58 56 63 66 47 32 12 92 18 91 62 10 25 33 53 37 55 71 52 0 31 68 40 34 14 5 79 41 46 35 23 81 8 36 80 96 98 29 75 67 74 57 97 42 90 28 6 43 77 17 15 50 13 44 45 11 86 2 61 94 49 38 
 38 40 2 39 45 26 88 96 73 28 46 24 63 59 3 20 58 90 93 74 16 27 37 89 14 78 30 21 87 25 65 23 8 60 80 36 0 97 57 82 71 76 64 66 12 54 19 85 22 69 18 9 91 10 43 48 53 52 92 62 31 68 70 4 55 79 1 7 41 34 72 32 50 44 83 98 35 15 17 5 33 61 42 81 47 99 51 95 13 56 84 11 6 86 77 29 49 67 75 94 
 38 40 26 59 19 61 45 60 96 79 57 76 82 54 43 53 66 0 89 30 21 87 65 55 71 16 14 78 93 88 41 7 37 85 90 69 64 3 73 20 58 52 18 74 48 9 46 91 62 10 70 34 22 31 28 86 72 32 12 4 27 97 44 1 5 83 98 35 23 81 29 47 39 63 33 42 68 92 15 17 25 8 6 36 80 50 2 99 95 51 13 56 77 84 11 94 24 49 67 75 
 38 40 2 29 45 26 88 96 73 46 24 63 59 3 20 58 90 93 74 16 37 89 14 78 30 21 9 25 65 23 8 60 80 99 95 83 87 97 57 82 71 76 18 12 54 19 85 53 22 69 64 92 91 10 43 48 66 5 0 62 31 35 68 70 4 55 79 1 7 42 67 72 50 44 98 15 17 52 33 61 27 41 36 81 28 6 47 32 84 11 13 56 86 51 77 39 75 34 49 94 
 4 70 88 72 45 39 26 59 3 76 82 54 28 60 96 73 48 65 99 95 51 9 1 93 27 16 89 78 30 24 87 21 7 19 85 22 69 64 20 58 23 56 63 66 43 32 12 84 92 18 91 62 10 77 25 33 53 37 55 71 52 0 31 35 68 40 34 14 5 79 41 46 81 8 6 36 80 47 83 98 29 75 67 74 57 97 42 90 50 15 17 13 44 11 86 2 61 94 49 38 
 25 84 14 27 71 37 54 63 76 1 24 82 20 75 94 53 57 33 61 85 22 67 5 49 4 42 70 38 97 34 88 43 6 32 80 68 35 15 58 78 64 41 40 2 72 91 92 73 90 16 12 23 31 28 86 51 47 77 11 13 9 65 8 39 29 30 79 0 60 36 48 3 26 44 56 95 99 45 17 18 69 93 87 21 74 46 19 66 89 7 55 59 98 83 50 62 10 96 81 52 
 96 3 76 97 55 58 59 22 88 72 94 53 57 33 19 85 20 63 49 68 1 30 82 81 77 13 28 54 4 67 34 45 83 35 15 62 74 52 37 71 78 64 41 79 51 47 32 36 95 40 2 42 70 38 60 39 12 29 75 61 90 27 5 7 16 46 48 98 10 14 26 31 56 99 11 23 9 17 18 69 93 87 21 91 0 50 8 86 6 24 89 25 73 44 66 92 65 80 43 84 
 50 1 71 37 20 89 74 66 82 24 75 94 53 57 33 85 22 67 49 4 42 70 38 16 97 34 81 6 15 3 68 78 64 41 40 2 58 72 46 12 28 77 51 47 86 83 35 62 32 13 59 8 39 29 79 61 90 27 5 7 55 88 23 14 44 56 99 11 95 84 45 0 60 36 48 18 26 76 19 63 54 73 17 69 93 87 21 25 9 91 65 92 98 10 80 96 43 30 52 31 
 96 74 27 12 1 66 53 57 33 85 75 94 63 61 22 90 49 42 70 38 29 43 81 77 47 13 28 54 4 67 34 97 83 9 15 0 50 82 91 58 88 72 99 59 68 20 35 62 52 37 71 78 64 79 51 32 36 95 40 2 60 39 41 30 5 7 16 46 48 23 3 26 14 44 56 19 11 45 17 18 69 93 87 21 55 76 8 86 6 24 89 25 73 31 92 98 10 65 80 84 
 96 9 76 82 97 58 59 22 57 94 53 72 33 4 85 63 49 68 20 3 14 30 88 60 81 77 28 13 54 19 34 45 83 35 15 62 74 52 37 71 78 64 41 79 1 67 51 47 39 29 12 36 95 40 2 42 70 38 32 75 61 90 27 5 7 16 46 48 23 10 26 0 44 56 99 11 17 18 69 93 87 21 55 50 8 86 6 24 89 25 73 31 91 66 92 98 65 43 84 80 
 59 76 82 22 97 88 58 9 91 96 72 94 34 53 57 33 19 85 63 68 49 0 30 81 77 28 13 54 4 1 67 60 83 35 15 62 74 79 52 37 71 78 64 41 51 47 12 29 39 36 95 40 2 70 42 38 32 75 61 90 16 5 7 27 46 20 48 23 3 98 10 26 14 44 56 99 11 45 17 18 69 93 87 21 55 50 8 73 86 6 24 89 25 31 66 92 65 80 43 84 
 50 1 71 37 20 89 74 66 82 24 75 94 53 57 33 85 22 67 49 4 42 70 38 16 97 34 81 6 15 35 68 78 64 41 40 2 58 72 46 12 28 77 51 47 86 32 13 73 8 39 29 79 61 90 27 5 7 55 88 62 23 3 26 14 44 56 99 11 45 30 95 10 60 84 76 19 63 54 59 36 48 17 69 93 87 21 18 25 9 91 65 92 98 83 80 96 43 0 52 31 
 59 76 82 58 9 96 20 22 88 94 72 53 33 19 85 80 86 57 63 49 68 30 1 81 77 40 28 54 4 67 34 45 83 35 15 62 97 74 52 37 71 78 64 41 79 51 47 32 36 95 13 2 42 70 38 60 0 39 24 12 29 75 61 90 27 5 7 16 46 48 23 10 14 44 73 98 26 56 99 11 18 69 93 87 21 55 50 8 6 89 17 3 25 91 31 66 92 65 43 84 
 50 12 1 89 33 27 37 75 94 88 53 57 74 61 85 22 66 49 4 42 70 38 77 81 43 28 47 13 9 15 92 11 79 7 16 46 5 64 41 29 40 2 83 3 91 8 6 23 56 44 14 84 82 76 19 63 54 86 32 39 67 24 97 26 34 99 36 51 45 0 95 10 60 17 69 93 87 21 55 72 58 20 71 90 73 35 18 25 68 59 78 65 98 80 96 48 30 52 31 62 
 96 74 27 12 1 54 41 53 57 59 33 85 75 94 61 22 90 49 4 42 70 38 29 43 81 77 47 13 9 15 0 76 82 7 91 58 88 72 19 50 63 68 67 34 83 35 62 52 37 71 78 64 79 32 36 28 40 2 25 23 45 84 8 6 39 24 60 66 30 5 97 16 46 48 3 99 51 95 86 26 14 44 56 11 17 18 69 93 87 21 55 65 89 73 31 92 98 10 20 80 
 50 12 1 89 74 27 37 75 94 88 53 57 33 61 85 22 66 49 4 42 70 38 77 81 43 84 47 13 9 15 92 60 11 79 7 16 46 5 29 40 2 83 3 64 41 91 8 6 23 95 56 44 14 45 28 82 76 19 63 54 86 32 39 67 24 97 26 34 99 36 51 17 69 93 87 21 55 72 58 20 71 90 73 35 18 25 68 59 78 65 0 98 10 80 96 48 30 52 31 62 
 25 74 71 37 54 63 76 1 20 82 24 75 94 53 57 33 85 22 67 49 4 42 70 38 97 34 81 6 80 15 35 68 92 78 64 29 40 2 58 72 88 12 31 28 77 51 47 86 32 13 9 65 8 39 41 30 79 61 90 27 5 46 62 23 3 14 11 45 17 18 69 21 0 60 36 48 26 44 56 95 99 91 73 93 87 16 19 66 89 7 55 59 98 83 84 50 10 96 43 52 
 50 1 71 37 20 89 74 66 82 24 75 94 53 57 33 85 22 67 49 4 42 70 38 16 97 34 81 6 15 35 68 78 64 41 40 2 58 72 46 12 28 77 51 47 86 32 13 73 8 39 29 79 61 90 27 5 7 55 88 62 23 3 26 14 44 56 99 11 45 0 95 10 60 84 76 19 63 54 59 36 48 17 69 93 87 21 18 25 9 91 65 92 98 83 80 96 43 30 52 31 
 50 12 1 89 74 27 37 75 94 88 53 57 33 61 85 22 66 49 4 42 70 38 77 81 43 28 47 13 9 15 0 60 11 79 7 16 46 5 64 41 29 40 2 83 3 52 45 84 82 76 19 63 54 34 36 91 35 8 6 86 32 39 68 67 24 97 26 14 96 56 95 99 51 17 69 93 87 21 55 72 58 20 71 90 18 25 73 59 78 65 92 98 10 80 44 48 30 23 31 62 
 25 74 14 27 71 37 54 63 76 1 49 82 20 75 94 53 57 33 61 85 22 67 5 24 4 42 70 38 97 34 88 81 6 32 80 68 35 15 58 78 64 41 40 2 72 91 92 73 90 16 12 23 31 28 86 51 47 77 11 13 9 65 8 39 29 30 79 0 60 36 48 3 26 44 56 95 99 45 17 18 69 93 87 21 84 46 19 66 89 7 55 59 98 83 50 62 10 96 43 52 
 25 74 27 71 37 54 63 76 1 82 20 75 94 53 57 33 61 85 90 67 49 4 42 70 38 97 34 88 81 32 80 68 35 15 72 78 64 41 58 91 92 73 5 12 31 28 77 51 47 13 9 65 29 79 0 84 36 95 40 2 60 39 66 30 22 7 16 46 48 23 3 26 14 44 56 99 11 45 17 18 69 93 87 21 55 50 8 86 6 24 89 19 59 98 83 62 10 96 43 52 
 50 12 1 27 71 37 78 89 74 66 79 82 20 88 94 53 57 33 61 85 22 67 5 49 4 55 42 70 38 75 60 81 77 28 47 13 9 15 0 7 16 46 14 64 41 29 95 40 2 56 83 44 3 23 45 84 76 19 63 54 11 59 35 8 6 86 32 39 68 90 24 97 34 26 99 36 48 17 87 93 69 21 72 58 18 25 73 91 65 92 98 10 80 96 43 51 30 52 31 62 
 96 49 27 12 1 66 53 57 33 85 75 94 61 22 90 74 4 42 70 38 29 43 81 77 28 47 13 9 15 0 82 97 58 88 72 99 67 59 68 20 83 62 52 37 71 78 64 79 76 19 63 54 34 8 91 35 51 32 36 95 40 2 60 39 41 30 5 7 16 46 48 23 3 26 14 44 56 11 45 17 18 69 93 87 21 55 50 86 6 24 89 25 73 31 92 98 10 65 80 84 
 96 74 27 1 54 92 59 25 53 57 33 85 75 94 61 22 90 49 4 42 70 38 29 43 81 77 28 47 13 9 15 0 76 82 97 91 58 88 20 19 72 63 68 67 34 83 35 62 52 37 71 78 64 79 51 32 36 95 40 2 24 39 66 30 5 7 16 46 48 23 3 26 14 44 56 99 11 45 17 18 69 93 87 41 12 84 8 6 86 60 21 55 65 89 73 31 98 10 50 80 
 50 12 1 89 74 27 37 75 94 88 53 57 33 61 85 22 66 49 4 42 70 38 77 81 43 28 47 13 9 15 92 60 11 79 7 16 46 5 64 41 29 40 2 83 3 91 8 6 23 95 56 44 14 45 84 82 76 19 63 54 86 32 39 67 24 97 26 34 99 36 51 17 69 93 87 21 55 72 58 20 71 90 73 35 18 25 68 59 78 65 0 98 10 80 96 48 30 52 31 62 
 59 76 82 58 9 96 20 22 88 94 72 53 33 19 85 80 63 86 57 30 68 49 1 81 77 13 28 54 4 67 34 97 83 35 15 62 74 52 37 71 78 64 41 79 51 47 32 36 95 40 2 42 70 38 60 0 39 24 12 29 75 61 90 27 5 7 16 46 48 23 10 14 44 73 98 26 56 99 11 45 18 69 93 87 21 55 50 8 6 89 17 3 25 91 31 66 92 65 43 84 
 96 74 27 12 1 54 66 53 57 33 85 75 94 63 61 22 90 49 4 42 70 38 29 43 81 77 28 47 13 9 15 0 76 82 97 91 58 88 72 99 67 59 68 20 34 83 35 62 52 37 71 78 64 79 51 32 36 95 40 2 60 39 41 30 5 7 16 46 48 23 3 26 14 44 56 19 11 45 17 18 69 93 87 21 55 50 8 86 6 24 89 25 73 31 92 98 10 65 80 84 
 50 12 1 89 74 27 37 75 94 88 53 57 33 61 85 22 66 49 4 42 70 38 77 81 43 28 47 13 9 15 0 60 11 79 7 16 46 5 64 41 29 40 2 83 3 91 8 6 23 95 56 44 14 45 84 82 76 19 63 54 86 32 39 67 24 97 26 34 99 36 51 17 69 93 87 21 55 72 58 20 71 90 73 35 18 25 68 59 78 65 92 98 10 80 96 48 30 52 31 62 
 59 76 82 97 48 9 96 20 22 88 72 94 53 57 33 19 85 80 63 49 86 0 30 81 77 13 28 54 4 1 67 34 83 35 15 62 74 52 37 71 78 64 41 51 47 12 29 39 36 95 40 2 42 70 38 99 32 75 61 90 27 5 7 16 46 79 58 98 10 26 14 44 56 60 11 45 68 17 18 69 93 87 21 55 50 8 6 24 89 73 23 3 25 91 31 66 92 65 43 84 
 96 74 27 59 12 1 54 66 53 57 33 85 75 94 61 22 90 49 4 42 70 38 29 43 81 77 28 47 13 9 15 0 76 82 97 91 58 88 20 19 72 63 68 67 34 83 35 62 52 37 71 78 64 79 51 32 36 95 40 2 60 39 41 30 5 7 16 46 48 23 3 26 14 44 56 99 11 45 17 18 69 93 87 21 55 50 8 86 6 24 89 25 73 31 92 98 10 65 80 84 
 50 12 1 27 71 37 78 89 74 66 79 82 20 88 94 53 57 33 61 85 22 67 5 49 4 55 42 70 38 75 60 81 77 28 47 13 9 15 0 7 16 46 14 64 41 29 95 40 2 56 83 44 3 23 45 84 76 19 63 54 11 59 35 8 62 86 32 39 68 90 24 97 34 26 99 36 48 17 69 93 87 21 72 58 18 25 73 91 65 92 98 10 80 96 43 51 30 52 31 6 
 96 74 27 63 12 1 54 41 53 57 33 85 75 94 61 22 90 49 4 42 70 38 29 43 81 77 28 47 13 9 15 0 76 82 97 91 58 88 72 19 67 59 68 20 34 83 35 62 52 37 71 78 64 79 51 32 36 95 40 2 60 39 66 30 5 7 16 46 48 23 3 26 14 44 56 99 11 45 17 18 69 93 87 21 55 50 8 86 6 24 89 25 73 31 92 98 10 65 80 84 
 50 12 1 89 74 27 37 75 94 88 53 57 33 61 85 22 66 49 4 42 70 38 77 81 43 28 47 13 9 15 0 60 11 79 7 16 46 5 64 41 29 40 2 83 3 23 45 84 82 76 19 63 54 34 36 91 35 8 6 86 32 39 68 67 24 97 26 14 96 56 95 99 51 17 69 93 87 21 55 72 58 20 71 90 18 25 73 59 78 65 92 98 10 80 44 48 30 52 31 62 
 96 74 27 59 12 1 54 41 53 57 33 85 75 94 61 22 90 49 4 42 70 38 29 43 81 77 28 47 13 9 15 0 76 82 97 91 58 88 72 3 20 63 68 67 34 83 35 17 52 37 71 78 64 79 51 32 36 95 40 2 60 39 66 30 5 7 16 46 48 23 19 26 14 44 56 99 11 45 62 18 69 93 87 21 55 50 8 86 6 24 89 25 73 31 92 98 10 65 80 84 
 12 1 27 74 85 57 63 33 41 84 54 53 75 94 61 22 90 49 4 42 70 38 29 43 81 77 28 47 13 9 15 0 76 82 97 91 58 88 72 19 78 59 68 67 34 83 35 62 52 37 71 20 64 79 51 32 36 95 40 2 60 39 66 30 5 7 16 46 48 23 3 26 14 44 56 99 11 45 17 18 69 93 87 21 55 50 8 86 6 24 89 25 73 31 92 98 10 65 80 96 
 50 12 1 27 71 37 78 89 74 66 79 82 20 88 94 53 57 33 61 85 22 67 5 49 4 55 42 70 38 75 60 81 77 28 47 13 9 15 0 7 16 46 14 64 41 29 95 40 2 56 83 44 3 23 45 84 76 19 63 54 11 59 35 8 6 86 32 39 68 90 24 97 34 26 99 36 48 17 69 93 87 21 72 58 18 25 73 91 65 92 98 10 80 96 43 51 30 52 31 62 
 25 74 71 37 54 63 76 1 82 20 75 94 53 57 33 85 22 67 49 4 42 70 38 97 16 24 34 96 81 6 80 15 35 68 92 78 64 41 40 2 58 72 88 84 31 28 77 51 47 86 32 13 9 65 8 39 29 30 79 61 90 27 5 7 55 46 62 23 3 26 14 44 56 99 11 45 17 18 69 93 87 21 91 0 60 36 48 95 12 19 66 89 59 98 83 50 10 73 43 52 
 25 74 27 71 37 54 63 76 1 82 20 75 94 53 57 33 61 85 22 67 49 4 42 70 38 97 34 88 81 32 80 68 35 15 72 78 64 41 58 91 92 73 5 12 31 28 77 51 47 13 9 65 29 79 0 84 36 95 40 2 60 39 66 30 90 7 16 46 48 23 3 26 14 44 56 99 11 45 17 18 69 93 87 21 55 50 8 86 6 24 89 19 59 98 83 62 10 96 43 52 
 96 74 27 63 12 1 54 41 53 57 33 85 75 94 61 22 90 49 4 42 70 38 29 43 81 77 28 47 13 9 15 0 76 82 97 91 58 88 72 19 20 59 68 67 34 83 35 62 52 37 71 78 64 79 51 32 36 95 40 2 60 39 66 30 5 7 16 46 48 23 3 26 14 44 56 99 11 45 17 18 69 93 87 21 55 50 8 86 6 24 89 25 73 31 92 98 10 65 80 84 
 98 23 83 69 41 99 70 38 75 40 72 86 56 47 13 59 55 93 64 78 35 48 17 73 71 39 6 31 65 25 89 76 62 91 44 22 58 9 60 50 85 34 19 8 28 95 51 2 77 45 52 3 20 92 57 49 68 79 37 87 15 14 46 10 5 7 88 97 94 36 81 4 27 74 21 96 18 30 0 66 84 90 82 24 1 43 32 80 53 63 11 26 12 67 54 33 29 42 61 16 
 64 1 70 38 75 40 72 86 10 71 90 20 83 93 52 39 91 81 36 31 17 37 98 65 25 13 99 47 56 12 49 87 74 21 89 61 97 53 26 68 95 51 77 15 18 9 73 96 3 79 35 44 58 78 46 14 30 48 62 5 7 24 67 29 57 28 42 85 4 94 22 76 8 2 59 11 45 84 0 23 43 32 19 55 69 88 66 50 60 92 6 80 82 27 34 41 63 54 33 16 
 83 1 7 70 38 75 40 72 86 10 71 90 20 64 3 52 39 91 18 96 81 36 31 17 37 48 50 62 65 25 13 99 47 84 26 93 87 74 21 5 89 79 34 76 73 35 2 44 22 58 78 55 57 42 85 4 94 82 19 11 56 46 92 32 27 0 61 49 29 67 12 24 88 53 68 95 51 77 43 98 9 23 60 28 45 14 59 8 6 80 97 66 69 15 30 41 63 54 33 16 
 93 37 70 38 40 72 86 10 90 75 55 20 64 39 15 3 91 18 96 81 36 31 17 48 26 32 50 62 65 25 13 99 47 84 57 92 74 21 5 89 87 42 85 7 4 82 27 46 71 34 76 19 11 73 35 56 2 83 44 22 69 78 79 0 61 49 29 67 12 1 94 24 88 53 68 95 51 77 43 98 9 23 60 28 45 14 59 8 6 80 97 66 58 52 30 41 63 54 33 16 
 55 37 7 70 38 75 40 72 86 10 90 20 64 3 93 52 39 91 18 96 81 36 31 17 48 50 62 65 25 13 99 47 26 84 57 87 74 21 5 46 89 42 85 4 82 94 32 92 27 71 34 1 76 19 11 73 35 56 2 83 44 22 58 78 79 0 61 49 29 67 12 24 88 53 68 95 51 77 9 98 43 23 60 28 45 14 15 8 6 80 97 66 69 59 30 41 63 54 33 16 
 93 37 70 38 40 72 86 10 90 75 55 20 64 39 52 3 91 18 96 81 36 31 17 48 26 32 50 62 65 25 13 99 47 84 57 92 74 21 5 89 87 42 85 7 4 82 27 46 71 34 76 19 11 73 35 56 2 83 44 22 69 78 79 0 61 49 29 67 12 1 94 24 88 53 68 95 51 77 43 98 9 23 60 28 45 14 59 8 6 80 97 66 58 15 30 41 63 54 33 16 
 98 23 83 69 41 99 70 38 75 40 72 86 56 47 13 59 55 93 64 78 35 17 71 6 31 65 25 89 76 91 44 22 50 60 58 85 34 19 8 28 95 51 2 77 45 52 20 92 57 49 68 79 37 87 15 18 9 73 96 3 30 48 62 5 7 97 14 46 10 88 39 94 36 81 4 27 74 21 0 66 84 90 82 24 1 43 32 80 53 63 11 26 12 67 54 33 29 42 61 16 
 37 70 38 55 40 72 86 95 76 90 75 93 58 20 64 39 52 91 18 81 36 31 17 48 2 50 62 65 25 13 99 47 84 57 92 74 21 89 87 42 85 4 82 27 94 46 71 34 1 26 19 11 35 56 32 83 44 22 0 78 61 49 29 67 12 24 88 73 96 3 79 30 5 7 97 53 68 10 51 77 43 98 9 23 60 28 45 14 15 8 6 80 66 69 59 41 63 54 33 16 
 55 37 7 70 38 75 40 72 86 10 26 90 20 64 3 93 52 39 91 18 96 81 36 31 17 48 32 50 62 65 25 13 99 47 84 57 92 74 21 5 89 87 42 85 4 82 27 46 71 34 76 19 11 73 35 56 2 83 44 22 69 78 79 0 61 49 29 67 12 1 94 24 88 53 68 95 51 77 43 98 9 23 60 28 45 14 59 8 6 80 97 66 58 15 30 41 63 54 33 16 
 55 37 7 75 72 86 10 90 20 64 3 52 39 91 18 96 81 36 31 17 48 32 50 62 65 25 13 99 47 92 74 21 5 40 58 78 14 19 71 57 82 89 70 42 85 4 94 49 27 93 67 46 79 12 26 61 38 53 30 24 87 33 1 76 11 73 35 56 2 83 44 22 80 29 88 68 95 51 77 43 98 9 23 60 28 45 84 15 8 6 0 97 66 69 59 41 63 54 34 16 
 17 23 83 68 80 1 75 99 40 72 86 56 47 70 29 55 93 58 20 64 65 98 39 67 57 91 35 34 44 14 78 25 10 26 28 95 51 2 76 71 38 4 94 13 59 37 74 21 22 84 8 11 45 15 52 18 9 73 96 3 30 48 62 5 7 97 16 87 89 61 49 24 33 69 79 46 27 82 85 6 50 81 77 0 41 90 88 66 92 53 63 43 12 32 36 54 19 42 60 31 
 55 37 82 70 38 40 72 86 10 76 90 75 93 58 20 64 39 52 3 91 18 96 81 36 31 17 48 26 32 50 62 65 25 13 99 47 84 57 92 74 21 5 89 87 42 85 4 7 27 94 46 71 34 1 19 11 73 35 56 2 83 44 22 78 79 0 61 49 29 67 12 24 88 53 68 95 51 77 43 98 9 23 60 28 45 14 59 8 6 80 97 66 69 15 30 41 63 54 33 16 
 98 23 83 9 1 70 38 75 40 72 29 56 47 13 67 55 93 64 78 18 48 17 73 71 97 16 14 24 99 42 6 31 65 25 79 34 62 91 44 22 60 50 85 76 19 8 26 28 95 51 2 58 69 87 37 52 3 30 92 57 49 59 11 45 77 15 5 7 88 39 94 36 81 4 46 27 53 74 21 96 10 35 20 0 41 90 82 89 66 63 43 12 32 80 68 54 33 86 84 61 
 23 83 80 1 75 40 70 55 93 58 20 64 65 98 72 39 68 86 91 35 34 99 56 17 31 44 22 78 25 10 26 28 95 51 2 76 71 38 4 94 47 13 90 37 74 33 14 84 8 11 45 15 52 18 9 73 96 3 30 48 62 5 7 97 16 87 89 61 49 24 21 69 79 46 85 42 82 19 27 6 50 60 59 88 92 81 77 0 41 53 66 63 12 32 36 67 54 29 43 57 
 17 23 83 68 80 1 75 40 99 70 29 55 41 58 20 64 65 98 72 39 24 67 94 28 91 35 34 44 22 78 19 84 43 86 95 51 2 76 71 38 4 49 47 13 59 37 74 21 14 10 8 11 45 15 52 18 9 73 96 3 30 48 62 5 7 97 16 87 89 61 57 85 82 46 27 69 6 50 81 77 56 25 0 93 90 88 66 92 53 63 79 26 12 32 36 54 33 42 60 31 
 69 23 83 68 80 1 75 40 99 70 29 55 41 20 98 72 86 56 47 13 59 96 64 37 35 48 9 73 71 97 6 31 65 25 30 79 76 62 91 44 22 58 60 50 85 34 19 26 28 82 24 67 94 78 84 43 95 51 2 38 4 49 74 21 14 10 8 11 45 15 52 18 3 89 5 7 93 17 46 92 57 90 87 88 36 81 77 27 53 0 39 66 63 12 32 54 33 42 61 16 
 37 70 38 55 40 72 86 95 76 90 75 93 58 20 64 39 52 91 18 81 36 31 17 48 2 50 62 65 25 13 99 47 84 57 92 74 21 89 87 42 85 4 82 27 94 46 71 34 1 26 19 11 35 56 32 83 44 22 78 0 61 49 29 67 12 24 88 73 96 3 79 30 5 7 97 53 68 10 51 77 43 98 9 23 60 28 45 14 15 8 6 80 66 69 59 41 63 54 33 16 
 98 23 83 9 1 70 38 75 40 72 86 56 47 13 67 55 93 64 78 18 48 17 73 71 97 16 14 24 99 42 6 31 65 25 79 76 62 91 44 22 58 69 60 50 85 34 19 8 26 28 95 51 2 87 37 52 3 30 92 57 49 59 11 45 77 15 5 7 88 39 94 36 81 4 46 27 53 74 21 96 10 35 20 0 41 90 82 89 66 63 43 12 32 80 68 54 33 29 84 61 
 55 37 7 75 72 86 51 90 20 64 3 52 39 91 18 96 81 36 31 17 48 32 50 62 65 25 13 99 47 92 74 21 5 40 58 78 14 19 71 57 82 89 70 42 85 4 94 49 27 93 67 46 79 12 26 61 38 53 30 24 87 34 1 76 11 73 35 56 2 83 44 22 80 29 88 68 95 10 77 43 98 9 23 60 28 45 84 15 8 6 0 97 66 69 59 41 63 54 33 16 
 98 23 83 69 41 99 70 38 75 40 72 86 56 47 13 59 55 93 64 78 35 48 17 73 71 97 6 31 65 25 89 76 62 91 44 22 58 9 60 50 85 34 19 8 28 95 51 2 77 45 52 3 20 92 57 49 68 79 37 87 15 14 46 10 5 7 88 39 94 36 81 4 27 74 21 96 18 30 0 66 84 90 82 24 1 43 32 80 53 63 11 26 12 67 54 33 29 42 61 16 
 17 23 83 68 80 1 75 40 99 70 33 55 93 58 20 64 65 79 72 39 67 57 86 91 35 34 44 22 78 25 10 26 28 95 51 2 76 71 38 4 94 47 13 59 37 74 21 14 84 8 11 45 15 52 18 9 73 96 3 30 48 62 5 7 97 16 87 89 61 49 24 29 69 98 46 85 82 27 6 50 81 77 56 0 41 90 88 66 92 53 63 43 12 32 36 54 19 42 60 31 
 64 1 70 38 75 40 72 86 10 71 90 20 83 93 52 39 91 81 36 31 17 37 98 65 25 13 99 47 56 12 49 87 74 21 89 61 97 53 26 68 95 51 77 15 18 9 73 96 3 79 35 44 58 78 46 14 30 48 62 5 7 24 67 29 57 28 42 85 4 94 22 76 92 2 59 11 45 84 0 23 43 32 19 55 69 88 66 50 60 8 6 80 82 27 34 41 63 54 33 16 
 98 23 83 69 1 99 70 38 75 40 72 86 56 47 13 59 55 93 64 37 35 48 17 73 71 97 6 31 65 25 79 24 76 62 91 44 22 58 9 60 50 85 34 19 8 26 28 95 51 2 46 78 14 10 20 92 57 49 68 11 90 87 15 52 5 21 7 88 39 94 36 81 4 77 27 53 74 96 3 18 30 0 41 84 45 82 89 66 63 43 12 32 80 67 54 33 29 42 61 16 
 35 23 17 69 1 99 70 38 75 40 72 86 56 47 13 59 68 80 29 55 93 58 20 64 65 98 39 24 67 32 91 83 44 22 78 19 84 43 28 95 51 2 76 4 85 46 26 34 71 49 37 74 21 14 10 8 11 77 15 52 18 9 73 96 3 30 48 62 5 7 97 16 87 89 61 57 82 27 6 50 81 45 25 0 41 90 88 66 92 53 63 79 12 94 36 54 33 42 60 31 
 17 59 94 75 70 38 53 76 58 13 90 20 64 52 88 34 24 54 39 91 36 28 35 98 99 56 72 2 86 83 48 22 40 45 78 84 71 57 89 87 42 4 27 19 12 26 68 95 51 77 15 18 9 73 96 3 79 30 5 7 97 16 1 85 82 46 61 49 29 67 10 43 31 0 23 25 65 44 14 69 92 60 8 6 62 50 11 81 47 32 80 66 55 41 74 33 63 21 93 37 
 98 23 83 69 41 99 70 38 75 40 72 86 56 47 13 59 55 93 64 78 35 48 17 73 71 97 6 31 65 25 89 79 76 62 91 44 22 58 9 60 50 85 34 19 8 26 28 95 51 2 77 45 52 3 20 92 57 49 68 11 37 87 15 14 46 10 5 7 88 39 94 36 81 4 27 53 74 21 96 18 30 0 66 84 90 82 24 1 63 43 12 32 80 67 54 33 29 42 61 16 
 17 23 83 68 80 1 75 40 99 70 29 55 93 58 20 64 65 98 72 39 67 45 86 91 35 34 44 22 78 25 10 26 28 95 51 2 76 71 38 4 94 47 13 59 37 74 21 14 84 8 11 57 15 52 18 9 73 96 3 30 48 62 5 7 97 16 87 89 61 49 24 33 69 79 46 85 82 27 6 50 81 77 56 0 41 90 88 66 92 53 63 43 12 32 36 54 19 42 60 31 
 37 70 38 55 40 72 86 10 76 90 75 93 58 20 64 15 52 39 91 18 96 81 36 31 17 48 32 50 62 65 25 2 13 99 47 84 57 92 74 21 89 87 42 85 4 82 27 94 46 71 34 1 26 19 11 35 56 83 44 22 78 0 61 49 29 67 12 24 88 73 3 79 30 5 7 97 53 68 95 51 77 23 98 9 43 60 28 45 14 8 6 80 66 69 59 41 63 54 33 16 
 55 37 7 75 72 86 10 90 20 64 3 52 39 91 18 96 81 36 31 17 48 32 50 62 65 25 13 99 47 92 74 21 5 40 58 78 14 19 71 57 82 89 70 42 85 4 94 49 27 93 67 46 79 12 26 61 38 53 30 24 87 34 1 76 11 73 35 56 2 83 44 22 80 29 88 68 95 51 77 43 98 9 23 60 28 45 84 15 8 6 0 97 66 69 59 41 63 54 33 16 
 17 23 83 68 80 1 75 40 99 70 29 55 93 58 20 64 65 79 72 39 67 57 86 91 35 34 44 22 78 25 10 26 28 95 51 2 76 71 38 4 94 47 13 59 37 74 21 14 84 8 11 45 15 52 18 9 73 96 3 30 48 62 5 7 97 16 87 89 61 49 24 33 69 98 46 85 82 27 6 50 81 77 56 0 41 90 88 66 92 53 63 43 12 32 36 54 19 42 60 31 
 37 70 38 55 40 72 86 10 76 90 75 93 58 20 64 39 52 91 18 81 36 31 17 48 2 50 62 65 25 13 99 47 84 57 92 74 21 89 87 42 85 4 82 27 94 46 71 34 1 26 19 11 35 56 32 83 44 22 78 0 61 49 29 67 12 24 88 73 96 3 79 30 5 7 97 53 68 95 51 77 43 98 9 23 60 28 45 14 15 8 6 80 66 69 59 41 63 54 33 16 
 83 23 17 69 1 70 38 75 40 72 86 56 47 13 59 68 80 99 29 55 93 58 20 64 65 98 39 24 67 94 91 35 34 44 22 78 19 84 43 28 95 51 2 76 71 4 49 37 74 21 14 10 8 11 77 15 52 18 9 73 96 3 30 48 62 5 7 97 16 87 89 61 57 85 82 46 27 6 50 81 45 25 0 41 90 88 66 92 53 63 79 26 12 32 36 54 33 42 60 31 
 17 59 94 75 70 38 53 76 47 13 29 90 20 64 52 88 34 24 54 39 91 36 28 35 98 99 56 72 2 86 83 48 40 45 44 22 58 78 84 71 61 57 89 87 42 4 27 19 12 26 68 95 51 77 15 18 9 73 96 3 79 30 5 7 97 16 49 1 85 82 46 10 43 31 0 23 25 65 14 69 67 92 60 8 6 62 50 11 81 32 80 66 55 41 74 33 63 21 93 37 
 98 23 83 9 1 38 70 75 40 72 86 56 47 13 67 55 93 64 78 35 48 17 73 71 97 16 34 24 99 6 31 65 25 79 18 62 91 44 22 49 94 57 89 42 85 4 82 19 46 58 69 60 50 14 8 26 28 95 51 2 68 11 37 87 15 10 5 7 88 39 52 3 30 92 59 45 77 36 81 27 53 74 21 96 76 20 0 41 90 66 63 43 12 32 80 54 33 29 84 61 
 17 23 83 80 1 75 40 99 70 29 55 93 22 20 64 65 98 72 68 39 24 67 57 86 91 35 34 44 58 78 19 84 43 28 95 51 2 76 71 38 4 33 47 13 59 37 74 21 14 10 8 11 45 15 52 18 9 73 96 3 30 48 62 5 7 97 16 87 89 61 94 85 82 46 27 69 6 50 81 77 56 25 0 41 90 88 66 92 26 49 53 63 79 12 32 36 54 42 60 31 
 55 37 7 70 38 75 40 72 86 10 26 90 20 64 3 93 52 39 91 18 96 81 36 31 17 48 32 50 62 65 25 13 99 47 84 57 92 74 21 5 89 87 42 85 4 82 27 94 46 71 34 1 76 19 11 73 35 56 2 83 44 22 58 78 79 0 61 49 29 67 12 24 88 53 68 95 51 77 43 98 9 23 60 28 45 14 15 8 6 80 97 66 69 59 30 41 63 54 33 16 
 17 23 83 68 80 1 75 40 99 70 29 55 93 58 20 64 65 98 72 39 67 57 86 91 35 34 44 22 78 25 10 26 28 95 51 2 76 71 38 4 94 47 13 59 37 74 21 14 84 8 11 45 15 52 18 9 73 96 3 30 48 62 5 7 97 16 87 89 61 49 24 33 69 79 46 85 82 27 6 50 81 77 56 0 41 90 88 66 92 53 63 43 12 32 36 54 19 42 60 31 
 17 23 83 80 1 75 40 99 70 29 55 93 58 20 64 65 98 72 68 39 24 67 57 86 91 35 34 44 22 78 19 84 43 28 95 51 2 76 71 38 4 49 47 13 59 37 74 21 14 10 8 11 45 15 52 18 9 73 96 3 30 48 62 5 7 97 16 87 89 61 94 85 82 46 27 69 6 50 81 77 56 25 0 41 90 88 66 92 53 63 79 26 12 32 36 60 33 42 54 31 
 17 23 83 68 80 1 75 40 99 70 29 55 93 58 20 64 65 98 72 39 24 67 94 86 91 35 34 44 22 78 19 84 43 28 95 51 2 76 71 38 4 49 47 13 59 37 74 21 14 10 8 11 45 15 52 18 9 73 96 3 30 48 62 5 7 97 16 87 89 61 57 85 82 46 27 69 6 50 81 77 56 25 0 41 90 88 66 92 53 63 79 26 12 32 36 54 33 42 60 31 
 97 77 99 47 32 39 50 24 27 34 54 67 13 95 63 42 2 1 65 96 30 0 66 85 82 49 70 28 19 81 51 44 74 52 21 78 79 64 9 35 37 71 55 88 83 58 10 89 17 69 57 68 38 4 29 40 22 48 93 41 7 76 56 45 12 75 36 94 53 92 5 20 62 15 18 3 25 98 23 14 26 33 6 80 91 73 16 46 84 43 72 8 60 90 31 87 11 61 86 59 
 10 92 32 1 54 19 61 27 42 2 57 24 68 88 65 91 0 66 4 85 82 49 70 30 69 17 8 81 50 60 11 6 99 22 55 71 41 52 21 78 87 96 83 58 97 86 95 77 47 36 13 51 28 25 62 3 79 84 40 34 33 80 56 48 23 15 18 9 35 64 93 16 90 20 7 74 46 26 45 29 53 12 63 5 89 37 38 75 94 67 76 14 31 73 98 43 72 44 39 59 
 97 77 99 47 32 39 50 24 27 34 54 67 13 95 63 42 2 1 65 96 30 0 66 85 82 49 70 28 19 81 51 44 74 52 21 78 79 64 9 35 37 69 55 88 83 58 10 89 17 71 57 68 38 4 29 40 22 48 93 41 7 76 56 45 12 75 36 94 53 92 5 20 62 15 18 3 25 98 23 14 26 33 6 80 91 73 16 46 84 43 72 8 60 90 31 87 11 61 86 59 
 62 99 32 1 22 54 11 8 63 61 27 42 2 13 24 39 88 65 91 0 17 69 52 30 66 4 85 82 81 49 70 28 19 53 5 89 21 78 87 96 83 58 86 95 77 47 36 68 44 92 25 97 3 64 79 51 40 34 33 72 56 90 20 71 48 23 15 18 9 35 93 37 7 74 46 6 26 45 29 38 75 94 12 76 16 14 10 31 73 98 50 84 43 80 67 41 55 57 60 59 
 32 13 70 20 30 88 63 27 42 2 57 24 33 72 65 91 0 66 4 85 82 49 61 97 54 19 89 37 52 17 8 81 50 60 11 6 99 68 55 71 5 7 69 22 90 3 78 87 21 48 58 10 86 95 77 47 36 44 92 96 62 25 64 79 51 83 34 80 56 40 23 15 18 9 35 93 1 41 53 12 74 46 26 45 29 38 75 94 67 76 16 14 31 73 98 28 43 84 39 59 
 32 13 57 54 41 0 66 4 42 82 49 1 7 30 88 63 61 27 97 19 89 65 37 69 87 8 81 50 60 11 6 99 22 55 71 5 52 21 78 17 96 83 10 86 95 77 47 38 84 44 92 3 62 25 64 79 51 40 70 56 34 33 80 58 48 23 35 18 9 15 93 16 90 20 74 46 26 45 29 36 2 24 85 28 53 12 75 94 67 76 14 31 73 98 91 43 72 68 59 39 
 12 66 39 0 30 4 42 82 49 7 16 69 27 34 54 19 79 64 63 37 53 17 8 81 50 60 91 99 22 85 57 87 89 21 78 5 41 26 44 51 58 2 45 6 31 96 83 10 86 95 47 70 94 38 29 24 14 76 65 62 43 77 36 28 80 92 40 11 18 35 71 56 3 68 48 23 15 9 93 61 74 46 59 52 25 98 13 84 67 1 88 72 20 73 32 75 55 90 97 33 
 97 92 32 1 54 63 61 27 42 2 57 24 68 88 65 91 0 66 4 85 82 49 70 30 69 17 8 81 50 60 11 6 99 22 55 71 41 52 21 78 87 96 44 58 10 86 95 77 47 36 13 51 28 25 62 3 79 84 40 34 33 80 56 48 23 15 18 9 35 64 93 16 90 20 7 74 46 26 45 29 53 12 19 5 89 37 38 75 94 67 76 14 31 73 98 43 72 83 39 59 
 13 32 73 78 41 61 70 97 42 49 4 27 82 16 5 11 59 98 36 68 72 69 8 81 50 43 83 10 86 91 47 62 18 99 96 48 0 9 51 15 44 53 57 85 38 66 92 58 2 40 77 52 87 29 88 34 71 7 76 56 95 65 17 60 31 12 67 30 28 45 39 26 24 33 46 19 64 35 80 23 89 21 74 1 54 79 63 6 25 3 22 14 84 75 94 90 93 37 55 20 
 12 66 39 0 30 4 29 82 49 7 16 53 27 34 54 19 79 64 52 37 69 17 8 81 50 60 91 99 22 85 57 87 89 21 71 5 41 80 51 58 2 45 6 31 96 83 10 86 95 77 47 36 92 70 94 38 42 24 76 65 62 43 18 35 78 56 3 68 44 28 48 23 15 9 93 55 74 46 59 63 25 98 40 13 14 84 26 11 67 75 88 72 20 73 32 1 61 90 97 33 
 13 70 20 30 88 63 27 42 2 57 24 72 65 91 74 66 4 1 85 82 49 61 97 54 19 89 16 52 17 8 81 50 60 11 6 99 22 55 96 5 7 69 21 78 87 71 83 58 10 86 59 44 92 3 62 25 64 79 51 40 33 34 95 77 47 38 68 80 56 48 23 15 18 9 35 93 37 90 0 46 26 45 29 36 28 32 94 12 39 53 75 67 76 14 31 73 98 41 43 84 
 33 54 32 1 39 63 27 42 2 70 24 68 88 65 91 0 66 4 85 82 49 57 30 69 17 8 81 50 60 11 6 97 22 55 71 41 52 21 78 87 96 83 58 10 86 95 77 47 36 13 44 92 25 62 3 90 79 51 40 34 99 80 59 48 23 15 18 9 35 93 16 64 7 46 26 45 29 20 61 74 53 12 19 5 89 37 38 75 94 67 76 14 31 73 98 43 72 84 28 56 
 97 77 99 47 32 11 24 27 34 54 67 13 63 42 2 1 88 65 96 30 0 66 85 82 50 95 81 49 70 28 19 51 44 74 79 64 9 35 37 69 52 21 78 87 83 58 10 91 17 71 57 68 38 4 29 40 22 48 93 41 7 76 56 45 12 75 36 94 53 92 5 20 62 15 18 3 25 98 23 14 26 33 6 80 89 73 16 46 84 43 72 8 60 90 31 55 39 61 86 59 
 12 66 0 30 55 2 61 70 42 94 4 27 82 16 57 91 62 6 11 59 98 3 58 68 72 53 54 19 79 52 64 65 37 69 17 8 81 45 60 13 99 47 22 85 71 63 5 89 21 78 87 44 86 88 96 43 50 31 41 49 38 29 56 10 51 95 77 36 80 92 28 48 23 15 18 9 35 93 7 74 46 24 34 25 83 26 14 84 39 1 67 40 76 20 73 32 75 90 97 33 
 13 70 20 30 88 63 27 42 2 57 24 33 72 65 91 0 66 4 1 85 82 49 61 97 54 19 89 16 52 17 8 81 50 60 11 6 99 22 55 96 5 7 69 21 78 87 71 83 58 10 86 95 77 47 38 68 44 92 3 62 25 64 79 51 40 34 80 56 48 23 15 18 9 35 93 37 90 74 46 26 45 29 36 28 32 94 12 39 53 75 67 76 14 31 73 98 41 43 84 59 
 32 61 27 57 24 88 65 91 0 66 63 42 97 2 1 68 92 54 4 85 82 49 70 55 69 58 8 81 50 60 11 6 99 38 16 71 41 52 21 78 87 96 83 17 10 86 95 77 47 36 13 51 28 25 62 3 79 44 40 34 33 80 56 48 23 15 18 9 35 93 30 64 90 7 74 46 26 45 29 20 53 12 19 5 89 37 22 75 94 67 76 14 31 73 98 43 72 84 39 59 
 1 2 13 91 0 66 4 82 49 70 55 30 88 63 67 27 42 97 57 54 19 89 65 37 69 17 8 81 50 60 45 6 99 22 20 71 5 52 21 78 87 96 48 58 10 86 95 77 47 36 68 44 92 3 62 25 64 79 51 40 33 34 80 56 83 23 15 18 9 35 93 16 90 7 74 46 26 11 29 38 28 32 94 85 12 24 53 75 61 76 14 31 73 98 59 43 72 84 39 41 
 12 66 39 0 30 4 29 82 49 7 16 53 27 34 54 19 79 64 52 37 69 17 8 81 50 60 91 99 22 85 57 87 89 21 71 5 41 26 80 51 58 2 45 6 31 96 83 10 86 95 77 47 36 92 70 94 38 42 24 14 76 65 62 43 11 18 35 78 56 3 68 44 28 48 23 15 9 93 55 74 46 59 63 25 98 40 13 84 67 1 88 72 20 73 32 75 61 90 97 33 
 92 32 68 2 24 1 4 42 82 49 70 20 30 88 63 61 27 97 57 54 19 89 65 37 69 17 8 81 50 60 11 6 99 22 55 71 5 52 21 78 87 96 83 58 10 91 0 66 85 41 86 95 77 47 36 13 51 28 25 62 3 79 44 40 34 33 80 56 48 23 15 18 9 35 93 16 64 90 7 74 46 26 45 29 53 12 38 75 94 67 76 14 31 73 98 43 72 84 39 59 
 12 66 39 43 30 4 42 82 49 61 16 27 58 3 71 54 19 79 52 64 65 90 69 17 8 81 45 60 13 91 99 47 22 85 57 70 34 5 89 21 78 87 44 51 88 96 83 50 6 31 0 41 94 38 29 56 10 86 95 77 36 68 80 92 28 48 23 15 18 9 35 93 7 74 46 59 53 24 63 25 62 98 2 40 14 84 26 11 67 1 76 72 20 73 32 75 55 37 97 33 
 12 66 39 0 30 4 42 82 49 7 16 69 27 54 19 79 64 52 37 53 45 8 81 50 60 91 99 22 85 57 87 89 21 78 5 41 26 80 51 58 2 17 6 31 96 83 10 86 95 77 47 36 92 70 94 34 71 38 29 24 14 76 65 62 43 11 18 35 56 3 68 44 28 13 23 15 9 40 93 61 74 46 59 63 25 98 48 84 67 1 88 72 20 73 32 75 55 90 97 33 
 32 13 57 54 41 0 66 4 42 82 49 1 7 30 88 63 61 27 97 19 89 65 37 69 87 8 81 50 60 11 6 99 22 55 71 5 52 21 78 17 96 83 10 86 95 77 47 38 84 44 92 3 62 25 64 79 51 40 70 56 34 33 80 58 48 23 15 18 9 35 93 16 90 20 74 46 26 45 29 36 2 24 85 28 53 12 75 94 67 76 14 31 73 98 91 43 72 68 59 39 
 56 99 47 32 11 50 24 27 34 54 67 13 33 63 42 2 1 88 65 96 30 0 66 85 82 81 49 70 28 19 51 44 74 91 79 52 64 9 35 37 69 17 71 57 68 38 4 12 22 58 48 93 55 7 76 45 29 97 10 86 95 77 36 40 75 94 53 92 78 5 20 62 23 15 18 3 25 21 98 87 14 26 6 80 89 73 16 46 84 43 72 8 60 90 31 41 39 83 61 59 
 32 1 67 41 0 66 4 42 82 49 70 7 30 88 61 27 97 89 57 54 19 63 15 37 69 17 8 28 50 60 11 6 99 22 55 71 5 52 21 78 87 96 83 58 10 86 95 77 47 38 68 44 92 3 62 25 64 79 51 40 33 34 80 56 48 23 65 18 9 35 93 16 90 20 74 46 26 45 29 36 2 24 85 81 53 12 75 94 13 76 14 31 73 98 91 43 72 84 59 39 
 61 13 70 20 30 88 63 27 42 2 57 24 33 72 65 91 0 66 4 85 82 49 1 97 54 19 89 37 52 17 8 81 50 60 11 6 99 22 55 71 5 7 69 21 78 87 96 83 58 10 86 95 77 47 38 68 44 92 3 62 25 64 79 51 40 34 80 56 48 23 15 18 9 35 93 16 90 74 46 26 45 29 36 28 32 94 12 39 53 75 67 76 14 31 73 98 41 43 84 59 
 12 66 39 0 30 90 70 97 42 49 4 27 82 7 24 57 16 69 34 79 64 52 37 53 54 19 17 45 81 50 60 91 99 22 85 87 89 21 78 5 41 26 80 51 58 2 8 6 31 96 83 10 86 95 77 47 36 92 94 38 29 14 76 65 62 43 11 18 35 71 56 3 68 44 28 48 23 15 9 93 61 74 46 59 63 25 98 40 13 84 67 1 88 72 20 73 32 75 55 33 
 32 1 67 57 54 41 0 66 4 42 82 49 70 7 30 88 63 61 27 97 19 89 65 37 69 17 8 28 50 60 11 6 99 22 55 71 5 52 21 78 87 96 83 58 10 86 95 77 47 38 59 44 92 3 62 25 64 79 51 40 33 34 80 56 48 23 15 18 9 35 93 16 90 20 74 46 26 45 29 36 2 24 85 81 53 12 75 94 13 76 14 31 73 98 91 72 68 84 43 39 
 12 66 39 0 30 4 42 82 49 7 16 53 27 34 54 19 79 64 52 37 69 17 6 81 50 60 91 99 22 85 57 87 89 21 78 5 41 26 80 51 58 2 45 8 31 96 83 10 86 95 77 47 36 92 70 94 38 29 24 14 76 65 62 43 11 18 35 71 56 3 88 68 44 28 48 23 15 9 93 61 74 46 59 63 25 98 40 13 84 67 1 72 20 73 32 75 55 90 97 33 
 32 61 27 57 24 88 65 91 0 66 63 42 97 2 1 68 92 54 4 85 82 49 70 30 69 58 8 81 50 60 11 6 99 38 16 71 41 52 21 78 87 96 83 17 10 86 95 77 47 36 13 51 28 25 62 3 79 44 40 34 33 80 56 48 23 15 18 9 35 93 55 64 90 7 74 46 26 45 29 20 53 12 19 5 89 37 22 75 94 67 76 14 31 73 98 43 72 84 39 59 
 1 2 13 91 0 66 4 82 49 70 55 30 88 63 61 27 42 97 57 54 19 89 65 37 69 17 8 81 50 60 45 6 99 22 20 71 5 52 21 78 87 96 48 58 10 86 95 77 47 36 68 44 92 3 62 25 64 79 51 40 33 34 80 56 83 23 15 18 9 35 93 16 90 7 74 46 26 11 29 38 28 32 94 85 12 24 53 75 67 76 14 31 73 98 59 43 72 84 39 41 
 2 66 39 0 30 4 42 82 49 61 16 27 24 54 19 46 52 64 65 37 69 17 8 81 50 60 11 91 99 47 22 85 57 87 89 21 78 5 41 26 80 51 3 96 83 45 6 31 70 94 12 29 34 71 7 76 56 10 86 95 77 36 68 44 92 28 48 23 15 18 9 35 93 74 79 38 59 53 58 63 25 62 98 14 84 13 43 40 67 1 88 72 20 73 32 75 55 90 97 33 
 2 66 39 0 30 4 42 82 49 61 16 27 58 54 19 46 52 64 65 37 69 17 8 81 50 60 11 91 99 47 22 85 57 87 89 21 78 5 41 26 80 51 3 96 83 45 6 31 70 94 12 29 34 71 7 76 56 10 86 95 77 36 68 44 92 28 48 23 15 18 9 35 93 74 79 38 59 53 24 63 25 62 98 14 84 13 43 40 67 1 88 72 20 73 32 75 55 90 97 33 
 97 92 32 1 54 63 61 27 42 2 57 24 68 88 65 91 0 66 4 85 82 49 70 30 69 17 8 81 50 60 11 6 99 22 55 71 41 52 21 78 87 96 83 58 10 86 95 77 47 36 13 51 28 25 62 3 79 84 40 34 33 80 56 48 23 15 18 9 35 64 93 16 90 20 7 74 46 26 45 29 53 12 19 5 89 37 38 75 94 67 76 14 31 73 98 43 72 44 39 59 
 13 32 1 54 57 0 41 66 4 42 82 49 70 7 30 88 63 61 27 97 19 89 65 37 69 17 8 81 50 60 11 6 99 22 55 71 5 52 21 78 87 96 83 58 10 86 95 77 47 38 68 44 92 3 62 25 64 79 51 40 33 34 80 56 48 23 15 18 9 35 93 16 90 20 74 46 26 45 29 36 67 24 85 28 53 12 75 94 2 76 14 31 73 98 91 43 72 84 39 59 
 1 13 70 20 30 88 63 27 42 2 57 24 33 72 65 91 0 66 4 85 82 49 61 97 54 19 89 37 52 17 8 81 50 60 11 6 99 22 55 71 5 7 69 21 78 87 96 83 58 10 86 95 77 47 38 68 44 92 3 62 25 64 79 51 40 34 80 56 48 23 15 18 9 35 93 16 90 74 46 26 45 29 36 28 32 94 12 39 53 75 67 76 14 31 73 98 41 43 84 59 
 12 66 39 43 30 4 42 82 49 61 16 27 58 3 0 54 19 79 52 64 65 90 69 17 8 81 45 60 13 91 99 47 22 85 57 70 34 5 89 21 78 87 44 51 88 96 83 50 6 31 71 41 94 38 29 56 10 86 95 77 36 68 80 92 28 48 23 15 18 9 35 93 7 74 46 59 53 24 63 25 62 98 2 40 14 84 26 11 67 1 76 72 20 73 32 75 55 37 97 33 
