155452.49245799994	88831.57591099998	
144465.482677	92489.80949899995	
142644.53364199997	92510.03613799995	
102210.715933	112066.61693900003	
98577.47232299997	124248.840845	
92587.06202499998	146934.67631800004	
133625.960582	94345.494656	
124629.02981399998	96869.02033400003	
147670.80412499994	91502.23270800001	
92822.109184	142422.11923699995	
98391.79144799999	131965.459894	
142385.871338	92675.84917699995	
95090.692053	134506.10833900006	
152037.95949799995	89719.48694399999	
93507.94274299999	134861.63402300002	
106140.65738900003	111743.84348400004	
120314.34005799999	99587.545088	
153002.49325699997	89643.21599699999	
156457.92085099994	88372.270997	
117212.16181599999	99889.72053	
117494.252967	99624.92086100002	
125152.034934	94349.057437	
110368.36612100001	106813.093001	
108590.59433799998	110021.91539300002	
148154.02500899998	90897.42515899995	
155275.90525299995	89480.69412399999	
119146.22080700002	99621.960736	
101476.12214700003	119825.83690200005	
92975.621748	140223.451292	
111286.555385	100084.13710400002	
123428.43648099997	97328.63844499999	
106266.75086800002	110240.58321500005	
120729.010982	97658.976966	
151207.94804899994	90745.07728399998	
120596.19453199998	99542.71297100003	
145227.363865	92346.27136899995	
109992.781891	107540.63323700005	
156658.92543199993	86999.42835399999	
145960.07319999998	92152.04405599996	
147445.93951	91569.67193699995	
111229.73841800002	103778.41864599999	
97686.889982	132010.51245100002	
122055.09186399993	97389.16123799997	
98592.89089099997	112669.925154	
120578.00670700001	97661.453634	
94859.39409199999	124949.03360100005	
97134.99500399995	119715.63635200007	
108311.84677399999	102326.27251300005	
122219.92353899997	94680.14583799998	
111518.37055400002	98687.61956200005	
139851.801209	90853.26647100002	
96662.49100899996	121780.05525700003	
124919.09490899996	93871.75956299997	
91676.52114599997	130747.335595	
97187.88126499996	119709.33858400003	
114793.02165899993	98460.79337799999	
98716.276684	107665.40689700002	
108862.31099400001	100513.82797000004	
106690.89901799998	104198.74692000003	
98560.40797700002	115268.69029000006	
98202.122664	115933.86618000004	
87406.85988499998	142069.4028600001	
89048.27966399999	134326.57906500003	
111221.13585800002	99261.11622000005	
97308.83770099997	119056.89268700006	
93960.505004	126371.37700700005	
105320.79157300001	104545.08684800004	
126640.16859899997	92867.49832899995	
88091.004722	135551.97934200006	
97538.38213799996	117349.14446400006	
145026.03548100006	90353.985637	
107428.37837499999	104124.19079200004	
119434.278159	97895.45463000001	
93511.41095299996	130345.80430500003	
119663.19817199999	97807.46725	
152611.60876800006	89832.69960899999	
126663.41442699995	92720.27186499996	
87328.90038500003	146460.29943700007	
138948.01332000003	92061.84752999998	
94753.44014099994	126051.75551300004	
94898.760602	122493.66019800007	
96909.25966999994	120522.38229000004	
112105.39676399999	104818.03707599998	
90619.27350099999	150502.18546200005	
128011.06919600005	91296.94371800001	
96581.997294	127158.375111	
140535.50088599997	86189.51314900003	
101111.32982500001	109876.31014799999	
131377.26014700005	90590.12946399998	
118225.17144799996	99419.74163899997	
118607.00394699992	94883.28831199999	
122715.69146999998	94876.692232	
91763.72028900003	144265.25114400004	
95873.44610500001	129509.37387899999	
124927.61027599999	94827.98643899997	
127184.84340200006	91581.84299400002	
107192.77284299996	104917.56301299998	
94235.47814100004	134085.582319	
135773.22325300003	89438.440438	
91738.39335799999	149294.42432700002	
93335.43981400003	136230.114011	
96341.20496500001	127364.69223799999	
94286.65839800003	133267.426169	
97596.85801500002	118054.00224599997	
94545.68956500002	132150.52908699997	
153377.30130400002	83523.46334000002	
116690.36961599994	100472.81475499998	
118559.20724799998	98642.873003	
116690.38890199995	99695.03283999999	
137047.34707600003	86337.55861999997	
147151.63061000002	85129.04497699995	
93158.38265800002	138289.63375899993	
125204.85381699997	93633.96354099998	
97696.98929100002	116617.07440099998	
114186.369965	101719.82250899996	
134304.678607	90175.09476799997	
92989.24788700002	143867.61728999994	
134858.57049600003	89506.47721199997	
125652.55788400005	93099.62644500003	
97756.40658700002	114178.42257699999	
99056.02052900003	111793.78732699997	
105242.97070400005	109255.11478499995	
118571.74985999997	97851.38539499998	
136864.565973	89346.98893899994	
125705.80225600004	91938.84602200001	
84412.541797	123300.728989	
96431.24035100004	108185.866388	
83992.34615299999	123965.56200300006	
101891.34673500001	105463.324122	
104557.82882400003	102404.01929700002	
91791.71741100002	110591.13359000004	
105377.54410999997	100149.86911200003	
110412.04491699999	98429.79798900003	
112756.625433	93382.887583	
90062.140871	116808.64767100004	
100408.35860200004	105802.484539	
136216.940095	86178.46499799998	
85289.44525199999	120542.93811300005	
88773.42270400001	118591.93819900003	
90690.26047500002	113336.169136	
107848.546534	99359.44669000001	
102563.591887	102746.95882600002	
122142.04350000001	89660.11795200002	
130185.67779400002	89116.25080600003	
81856.271096	144186.45257999998	
99416.15579300003	106101.632766	
82880.46590499999	126196.52567300004	
87635.69465199999	119726.58275200003	
97056.18625000003	107762.102977	
91370.43770500003	112489.086138	
96186.56846100005	109792.818172	
112109.62936899999	96755.06999	
115989.909622	91822.40239799999	
89527.39538000003	118011.61044100003	
114745.33440099997	102699.98249300003	
127608.42509500004	91888.397656	
142315.82281600003	86180.60584399998	
95529.198573	118344.01431299999	
148466.523667	85604.572267	
88481.82293400001	145947.06155400007	
137078.06049899998	91851.78136399995	
84878.96288200004	153763.318813	
92195.707071	127946.585727	
85281.10253100003	152572.42573300004	
137095.27142	91307.78478799998	
109717.417421	106203.40182299998	
99422.62562899996	114259.60780700001	
119998.01051300004	100204.84395100005	
155005.44097300002	85266.84223899999	
123352.586788	98024.13952199998	
111467.461098	105007.363179	
109976.85865499999	105839.150898	
97494.56745	114938.00416699998	
90405.85462099999	135307.99020900004	
89966.678491	138005.50625000003	
87951.31188000004	148965.2643180001	
89446.302515	141281.38964200002	
100843.16755700002	108919.455422	
88026.17792100004	147389.46461500003	
123463.11083100001	97447.58750699999	
108722.69152000001	106501.87085999998	
125339.88128300004	93883.4879	
85494.05120500004	149933.51808900005	
96562.438952	116618.11168399999	
103366.441782	106896.83279100001	
111661.290264	104602.55325000001	
93557.72692299998	127178.38041999997	
101194.870877	107545.848902	
116992.67487699998	101609.688139	
112733.83078999999	103155.074396	
119116.09888899993	101190.43623100004	
94783.96661699998	119961.59468499999	
96453.065512	117085.92472000001	
95410.02003500001	118691.04196799999	
125017.85745600003	95177.753117	
